{"stances": [{"q": [[0.7075457951049665, -0.011378806582304852, 0.012987246391164452, 0.7064565110615221, -0.1986286975320199, -0.1605633443335782, 0.7612588346999853], [-0.0017453292519943296], [0.0], [-0.45204027626653132], [0.8744099552491591], [-0.41713369122664473], [0.0], [0.0017453292519943296], [0.0], [-0.4537856055185257], [0.8744099552491591], [-0.41713369122664473], [0.0], [0.0], [-0.0017453292519943296], [0.0], [0.0017453292519943296], [0.78539816339744828], [-0.34732052114687156], [0.0], [-1.3089969389957472], [0.0], [0.0017453292519943296], [0.0], [0.78539816339744828], [0.34732052114687156], [0.0], [-1.3089969389957472], [0.0], [0.0], [0.0]], "geomContacts": [{"X_es_rs": {"rotation": [6.123233995736766e-17, 1.0, 0.0, -1.0, 6.123233995736766e-17, 0.0, 0.0, 0.0, 1.0], "translation": [-0.1, -0.15, 0.0]}, "is_fixed": true, "envSurface": {"X_b_s": {"rotation": [1.0, 0.0, 0.0, 0.0, 1.0, 0.0, 0.0, 0.0, 1.0], "translation": [0.0, 0.0, 0.1250896453857422]}, "materialName": "plastic", "planarPoints": [{"y": -3.0, "x": -3.0}, {"y": -3.0, "x": 3.0}, {"y": 3.0, "x": 3.0}, {"y": 3.0, "x": -3.0}], "name": "Ground", "bodyName": "ground"}, "robotSurface": {"X_b_s": {"rotation": [1.0, 0.0, 0.0, 0.0, 1.0, 0.0, 0.0, 0.0, 1.0], "translation": [0.014592470601201057, -0.010025011375546455, -0.125]}, "materialName": "plastic", "planarPoints": [{"y": 0.069024957716465, "x": -0.1079324409365654}, {"y": -0.06897497922182083, "x": -0.10778241604566574}, {"y": -0.06836499273777008, "x": 0.10640743374824524}, {"y": 0.06831501424312592, "x": 0.1093074306845665}], "name": "RFullSole", "bodyName": "RLEG_LINK5"}}, {"X_es_rs": {"rotation": [6.123233995736766e-17, 1.0, 0.0, -1.0, 6.123233995736766e-17, 0.0, 0.0, 0.0, 1.0], "translation": [-0.3, -0.15, 0.0]}, "is_fixed": true, "envSurface": {"X_b_s": {"rotation": [1.0, 0.0, 0.0, 0.0, 1.0, 0.0, 0.0, 0.0, 1.0], "translation": [0.0, 0.0, 0.1250896453857422]}, "materialName": "plastic", "planarPoints": [{"y": -3.0, "x": -3.0}, {"y": -3.0, "x": 3.0}, {"y": 3.0, "x": 3.0}, {"y": 3.0, "x": -3.0}], "name": "Ground", "bodyName": "ground"}, "robotSurface": {"X_b_s": {"rotation": [1.0, 0.0, 0.0, 0.0, 1.0, 0.0, 0.0, 0.0, 1.0], "translation": [0.014592470601201057, 0.010025011375546455, -0.125]}, "materialName": "plastic", "planarPoints": [{"y": -0.06831501424312592, "x": 0.1093074306845665}, {"y": 0.06836499273777008, "x": 0.10640743374824524}, {"y": 0.06897497922182083, "x": -0.10778241604566574}, {"y": -0.069024957716465, "x": -0.1079324409365654}], "name": "LFullSole", "bodyName": "LLEG_LINK5"}}], "stabContacts": [{"X_es_rs": {"rotation": [6.123233995736766e-17, 1.0, 0.0, -1.0, 6.123233995736766e-17, 0.0, 0.0, 0.0, 1.0], "translation": [-0.1, -0.15, 0.0]}, "is_fixed": true, "envSurface": {"X_b_s": {"rotation": [1.0, 0.0, 0.0, 0.0, 1.0, 0.0, 0.0, 0.0, 1.0], "translation": [0.0, 0.0, 0.1250896453857422]}, "materialName": "plastic", "planarPoints": [{"y": -3.0, "x": -3.0}, {"y": -3.0, "x": 3.0}, {"y": 3.0, "x": 3.0}, {"y": 3.0, "x": -3.0}], "name": "Ground", "bodyName": "ground"}, "robotSurface": {"X_b_s": {"rotation": [1.0, 0.0, 0.0, 0.0, 1.0, 0.0, 0.0, 0.0, 1.0], "translation": [0.014592470601201057, -0.010025011375546455, -0.125]}, "materialName": "plastic", "planarPoints": [{"y": 0.069024957716465, "x": -0.1079324409365654}, {"y": -0.06897497922182083, "x": -0.10778241604566574}, {"y": -0.06836499273777008, "x": 0.10640743374824524}, {"y": 0.06831501424312592, "x": 0.1093074306845665}], "name": "RFullSole", "bodyName": "RLEG_LINK5"}}, {"X_es_rs": {"rotation": [6.123233995736766e-17, 1.0, 0.0, -1.0, 6.123233995736766e-17, 0.0, 0.0, 0.0, 1.0], "translation": [-0.3, -0.15, 0.0]}, "is_fixed": true, "envSurface": {"X_b_s": {"rotation": [1.0, 0.0, 0.0, 0.0, 1.0, 0.0, 0.0, 0.0, 1.0], "translation": [0.0, 0.0, 0.1250896453857422]}, "materialName": "plastic", "planarPoints": [{"y": -3.0, "x": -3.0}, {"y": -3.0, "x": 3.0}, {"y": 3.0, "x": 3.0}, {"y": 3.0, "x": -3.0}], "name": "Ground", "bodyName": "ground"}, "robotSurface": {"X_b_s": {"rotation": [1.0, 0.0, 0.0, 0.0, 1.0, 0.0, 0.0, 0.0, 1.0], "translation": [0.014592470601201057, 0.010025011375546455, -0.125]}, "materialName": "plastic", "planarPoints": [{"y": -0.06831501424312592, "x": 0.1093074306845665}, {"y": 0.06836499273777008, "x": 0.10640743374824524}, {"y": 0.06897497922182083, "x": -0.10778241604566574}, {"y": -0.069024957716465, "x": -0.1079324409365654}], "name": "LFullSole", "bodyName": "LLEG_LINK5"}}]}, {"q": [[0.6942100600322457, -0.009897911747276267, 0.03033920839588421, 0.7190646398808525, -0.19757563318240753, -0.2624000666264685, 0.7158913330215592], [-0.03525054869880918], [-0.015369442177833412], [-0.7695355293750236], [1.1017817614763659], [-0.3896587081894557], [-0.012543938124825047], [-0.03646100216095957], [-0.032113467818572085], [-0.7630049014190875], [1.0772136540938193], [-0.371291026405648], [0.004226581495202813], [0.12971126714086054], [0.4353540760649592], [0.0005079495114942908], [0.2161908295840263], [-1.6990944982747622], [-0.960887308598265], [-0.04577882099693953], [-0.9093097864640856], [0.030906545091662994], [0.8226870418849221], [1.6312977318234063], [-0.7728423190548699], [0.7894450097744963], [0.10555199538227739], [-1.1492488604614854], [-0.00309272482419078], [0.018663108922649448], [2.401431946404695e-05]], "geomContacts": [{"X_es_rs": {"rotation": [6.123233995736766e-17, 1.0, 0.0, -1.0, 6.123233995736766e-17, 0.0, 0.0, 0.0, 1.0], "translation": [-0.1, -0.15, 0.0]}, "is_fixed": true, "envSurface": {"X_b_s": {"rotation": [1.0, 0.0, 0.0, 0.0, 1.0, 0.0, 0.0, 0.0, 1.0], "translation": [0.0, 0.0, 0.1250896453857422]}, "materialName": "plastic", "planarPoints": [{"y": -3.0, "x": -3.0}, {"y": -3.0, "x": 3.0}, {"y": 3.0, "x": 3.0}, {"y": 3.0, "x": -3.0}], "name": "Ground", "bodyName": "ground"}, "robotSurface": {"X_b_s": {"rotation": [1.0, 0.0, 0.0, 0.0, 1.0, 0.0, 0.0, 0.0, 1.0], "translation": [0.014592470601201057, -0.010025011375546455, -0.125]}, "materialName": "plastic", "planarPoints": [{"y": 0.069024957716465, "x": -0.1079324409365654}, {"y": -0.06897497922182083, "x": -0.10778241604566574}, {"y": -0.06836499273777008, "x": 0.10640743374824524}, {"y": 0.06831501424312592, "x": 0.1093074306845665}], "name": "RFullSole", "bodyName": "RLEG_LINK5"}}, {"X_es_rs": {"rotation": [6.123233995736766e-17, 1.0, 0.0, -1.0, 6.123233995736766e-17, 0.0, 0.0, 0.0, 1.0], "translation": [-0.3, -0.15, 0.0]}, "is_fixed": true, "envSurface": {"X_b_s": {"rotation": [1.0, 0.0, 0.0, 0.0, 1.0, 0.0, 0.0, 0.0, 1.0], "translation": [0.0, 0.0, 0.1250896453857422]}, "materialName": "plastic", "planarPoints": [{"y": -3.0, "x": -3.0}, {"y": -3.0, "x": 3.0}, {"y": 3.0, "x": 3.0}, {"y": 3.0, "x": -3.0}], "name": "Ground", "bodyName": "ground"}, "robotSurface": {"X_b_s": {"rotation": [1.0, 0.0, 0.0, 0.0, 1.0, 0.0, 0.0, 0.0, 1.0], "translation": [0.014592470601201057, 0.010025011375546455, -0.125]}, "materialName": "plastic", "planarPoints": [{"y": -0.06831501424312592, "x": 0.1093074306845665}, {"y": 0.06836499273777008, "x": 0.10640743374824524}, {"y": 0.06897497922182083, "x": -0.10778241604566574}, {"y": -0.069024957716465, "x": -0.1079324409365654}], "name": "LFullSole", "bodyName": "LLEG_LINK5"}}, {"X_es_rs": {"rotation": [0.9999983020529462, -0.0018365196429914197, 0.00015194349489966452, -0.0007025425060884771, -0.3037131320558979, 0.9527632653764648, -0.0017036212172528709, -0.9527617543816489, -0.3037139066001925], "translation": [-0.03428498961477344, -0.0190425593116188, -0.00611548302889886]}, "is_fixed": true, "envSurface": {"name": "StairLeftRung1", "X_b_s": {"rotation": [0.7547095801934123, 0.0, 0.6560590290242818, 0.0, 1.0, 0.0, -0.6560590290242818, 0.0, 0.7547095801934123], "translation": [0.1552511304616928, 0.0, 0.13495755195617676]}, "width": 0.8, "radius": 0.019999999552965164, "materialName": "plastic", "bodyName": "stair_left_rung1"}, "robotSurface": {"name": "RightGripper", "X_b_s": {"rotation": [-1.0, 1.2246467991473532e-16, 0.0, -1.2246467991473532e-16, -1.0, 0.0, 0.0, 0.0, 1.0], "translation": [0.0, 0.0, -0.19497999548912048]}, "pointsFromOrigin": [{"rotation": [1.0, 0.0, 0.0, 0.0, -1.6292067955264295e-07, -0.9999999999999867, 0.0, 0.9999999999999867, -1.6292067955264295e-07], "translation": [0.0, 0.019999999552965164, 0.0]}, {"rotation": [1.0, 0.0, 0.0, 0.0, -6.397578377557251e-07, 0.9999999999997954, 0.0, -0.9999999999997954, -6.397578377557251e-07], "translation": [0.0, -0.019999999552965164, 0.0]}, {"rotation": [1.0, 0.0, 0.0, 0.0, 1.0, 0.0, 0.0, 0.0, 1.0], "translation": [0.0, 0.0, 0.03500001132488251]}, {"rotation": [1.0, 0.0, 0.0, 0.0, -0.9999999999991814, -1.2795156755111882e-06, 0.0, 1.2795156755111882e-06, -0.9999999999991814], "translation": [0.0, 0.0, -0.030000001192092896]}], "motorMaxTorque": 1000.0, "materialName": "plastic", "X_b_motor": {"rotation": [1.0, 0.0, 0.0, 0.0, 1.0, 0.0, 0.0, 0.0, 1.0], "translation": [0.0, 0.0, 0.06797564029693604]}, "bodyName": "RARM_LINK6"}}], "stabContacts": [{"X_es_rs": {"rotation": [6.123233995736766e-17, 1.0, 0.0, -1.0, 6.123233995736766e-17, 0.0, 0.0, 0.0, 1.0], "translation": [-0.1, -0.15, 0.0]}, "is_fixed": true, "envSurface": {"X_b_s": {"rotation": [1.0, 0.0, 0.0, 0.0, 1.0, 0.0, 0.0, 0.0, 1.0], "translation": [0.0, 0.0, 0.1250896453857422]}, "materialName": "plastic", "planarPoints": [{"y": -3.0, "x": -3.0}, {"y": -3.0, "x": 3.0}, {"y": 3.0, "x": 3.0}, {"y": 3.0, "x": -3.0}], "name": "Ground", "bodyName": "ground"}, "robotSurface": {"X_b_s": {"rotation": [1.0, 0.0, 0.0, 0.0, 1.0, 0.0, 0.0, 0.0, 1.0], "translation": [0.014592470601201057, -0.010025011375546455, -0.125]}, "materialName": "plastic", "planarPoints": [{"y": 0.069024957716465, "x": -0.1079324409365654}, {"y": -0.06897497922182083, "x": -0.10778241604566574}, {"y": -0.06836499273777008, "x": 0.10640743374824524}, {"y": 0.06831501424312592, "x": 0.1093074306845665}], "name": "RFullSole", "bodyName": "RLEG_LINK5"}}, {"X_es_rs": {"rotation": [6.123233995736766e-17, 1.0, 0.0, -1.0, 6.123233995736766e-17, 0.0, 0.0, 0.0, 1.0], "translation": [-0.3, -0.15, 0.0]}, "is_fixed": true, "envSurface": {"X_b_s": {"rotation": [1.0, 0.0, 0.0, 0.0, 1.0, 0.0, 0.0, 0.0, 1.0], "translation": [0.0, 0.0, 0.1250896453857422]}, "materialName": "plastic", "planarPoints": [{"y": -3.0, "x": -3.0}, {"y": -3.0, "x": 3.0}, {"y": 3.0, "x": 3.0}, {"y": 3.0, "x": -3.0}], "name": "Ground", "bodyName": "ground"}, "robotSurface": {"X_b_s": {"rotation": [1.0, 0.0, 0.0, 0.0, 1.0, 0.0, 0.0, 0.0, 1.0], "translation": [0.014592470601201057, 0.010025011375546455, -0.125]}, "materialName": "plastic", "planarPoints": [{"y": -0.06831501424312592, "x": 0.1093074306845665}, {"y": 0.06836499273777008, "x": 0.10640743374824524}, {"y": 0.06897497922182083, "x": -0.10778241604566574}, {"y": -0.069024957716465, "x": -0.1079324409365654}], "name": "LFullSole", "bodyName": "LLEG_LINK5"}}]}, {"q": [[0.7038962942844128, -0.04589571820859229, 0.06884990502798048, 0.7054667111355623, -0.23674240832628332, -0.213831683230273, 0.7291744029854131], [-0.0133872646984331], [-0.08407202159586884], [-0.7659542135723936], [1.043283969218823], [-0.4403788602020341], [0.0525909731418473], [-0.01619261386057896], [-0.10011257761005003], [-0.7653743948748222], [1.0418567810601005], [-0.4395924408906964], [0.0686971654068793], [0.07887069543008877], [0.5102156346424788], [0.0023532292211536523], [0.21681464308871784], [-1.6551435972388957], [-1.125826129375539], [-0.12143046155083724], [-1.1659350226469742], [-0.12041347427413973], [0.8628095827293675], [1.4639030736028091], [-1.0082857312806952], [0.8420952376160967], [0.022993033110036303], [-1.1417413465785111], [-0.0002512930317198003], [0.0008081590634209917], [1.207939044174653e-06]], "geomContacts": [{"X_es_rs": {"rotation": [6.123233995736766e-17, 1.0, 0.0, -1.0, 6.123233995736766e-17, 0.0, 0.0, 0.0, 1.0], "translation": [-0.1, -0.15, 0.0]}, "is_fixed": true, "envSurface": {"X_b_s": {"rotation": [1.0, 0.0, 0.0, 0.0, 1.0, 0.0, 0.0, 0.0, 1.0], "translation": [0.0, 0.0, 0.1250896453857422]}, "materialName": "plastic", "planarPoints": [{"y": -3.0, "x": -3.0}, {"y": -3.0, "x": 3.0}, {"y": 3.0, "x": 3.0}, {"y": 3.0, "x": -3.0}], "name": "Ground", "bodyName": "ground"}, "robotSurface": {"X_b_s": {"rotation": [1.0, 0.0, 0.0, 0.0, 1.0, 0.0, 0.0, 0.0, 1.0], "translation": [0.014592470601201057, -0.010025011375546455, -0.125]}, "materialName": "plastic", "planarPoints": [{"y": 0.069024957716465, "x": -0.1079324409365654}, {"y": -0.06897497922182083, "x": -0.10778241604566574}, {"y": -0.06836499273777008, "x": 0.10640743374824524}, {"y": 0.06831501424312592, "x": 0.1093074306845665}], "name": "RFullSole", "bodyName": "RLEG_LINK5"}}, {"X_es_rs": {"rotation": [6.123233995736766e-17, 1.0, 0.0, -1.0, 6.123233995736766e-17, 0.0, 0.0, 0.0, 1.0], "translation": [-0.3, -0.15, 0.0]}, "is_fixed": true, "envSurface": {"X_b_s": {"rotation": [1.0, 0.0, 0.0, 0.0, 1.0, 0.0, 0.0, 0.0, 1.0], "translation": [0.0, 0.0, 0.1250896453857422]}, "materialName": "plastic", "planarPoints": [{"y": -3.0, "x": -3.0}, {"y": -3.0, "x": 3.0}, {"y": 3.0, "x": 3.0}, {"y": 3.0, "x": -3.0}], "name": "Ground", "bodyName": "ground"}, "robotSurface": {"X_b_s": {"rotation": [1.0, 0.0, 0.0, 0.0, 1.0, 0.0, 0.0, 0.0, 1.0], "translation": [0.014592470601201057, 0.010025011375546455, -0.125]}, "materialName": "plastic", "planarPoints": [{"y": -0.06831501424312592, "x": 0.1093074306845665}, {"y": 0.06836499273777008, "x": 0.10640743374824524}, {"y": 0.06897497922182083, "x": -0.10778241604566574}, {"y": -0.069024957716465, "x": -0.1079324409365654}], "name": "LFullSole", "bodyName": "LLEG_LINK5"}}, {"X_es_rs": {"rotation": [0.9999983284933468, -0.001810035572660099, -0.0002584216285057561, -0.0003031614426660112, -0.3035250371728772, 0.9528234148583583, -0.0018030817097557383, -0.9528217438642073, -0.30352507856175387], "translation": [-0.034265598045321255, -0.01903086050186542, -0.0061522992428520995]}, "is_fixed": true, "envSurface": {"name": "StairLeftRung1", "X_b_s": {"rotation": [0.7547095801934123, 0.0, 0.6560590290242818, 0.0, 1.0, 0.0, -0.6560590290242818, 0.0, 0.7547095801934123], "translation": [0.1552511304616928, 0.0, 0.13495755195617676]}, "width": 0.8, "radius": 0.019999999552965164, "materialName": "plastic", "bodyName": "stair_left_rung1"}, "robotSurface": {"name": "RightGripper", "X_b_s": {"rotation": [-1.0, 1.2246467991473532e-16, 0.0, -1.2246467991473532e-16, -1.0, 0.0, 0.0, 0.0, 1.0], "translation": [0.0, 0.0, -0.19497999548912048]}, "pointsFromOrigin": [{"rotation": [1.0, 0.0, 0.0, 0.0, -1.6292067955264295e-07, -0.9999999999999867, 0.0, 0.9999999999999867, -1.6292067955264295e-07], "translation": [0.0, 0.019999999552965164, 0.0]}, {"rotation": [1.0, 0.0, 0.0, 0.0, -6.397578377557251e-07, 0.9999999999997954, 0.0, -0.9999999999997954, -6.397578377557251e-07], "translation": [0.0, -0.019999999552965164, 0.0]}, {"rotation": [1.0, 0.0, 0.0, 0.0, 1.0, 0.0, 0.0, 0.0, 1.0], "translation": [0.0, 0.0, 0.03500001132488251]}, {"rotation": [1.0, 0.0, 0.0, 0.0, -0.9999999999991814, -1.2795156755111882e-06, 0.0, 1.2795156755111882e-06, -0.9999999999991814], "translation": [0.0, 0.0, -0.030000001192092896]}], "motorMaxTorque": 1000.0, "materialName": "plastic", "X_b_motor": {"rotation": [1.0, 0.0, 0.0, 0.0, 1.0, 0.0, 0.0, 0.0, 1.0], "translation": [0.0, 0.0, 0.06797564029693604]}, "bodyName": "RARM_LINK6"}}], "stabContacts": [{"X_es_rs": {"rotation": [6.123233995736766e-17, 1.0, 0.0, -1.0, 6.123233995736766e-17, 0.0, 0.0, 0.0, 1.0], "translation": [-0.3, -0.15, 0.0]}, "is_fixed": true, "envSurface": {"X_b_s": {"rotation": [1.0, 0.0, 0.0, 0.0, 1.0, 0.0, 0.0, 0.0, 1.0], "translation": [0.0, 0.0, 0.1250896453857422]}, "materialName": "plastic", "planarPoints": [{"y": -3.0, "x": -3.0}, {"y": -3.0, "x": 3.0}, {"y": 3.0, "x": 3.0}, {"y": 3.0, "x": -3.0}], "name": "Ground", "bodyName": "ground"}, "robotSurface": {"X_b_s": {"rotation": [1.0, 0.0, 0.0, 0.0, 1.0, 0.0, 0.0, 0.0, 1.0], "translation": [0.014592470601201057, 0.010025011375546455, -0.125]}, "materialName": "plastic", "planarPoints": [{"y": -0.06831501424312592, "x": 0.1093074306845665}, {"y": 0.06836499273777008, "x": 0.10640743374824524}, {"y": 0.06897497922182083, "x": -0.10778241604566574}, {"y": -0.069024957716465, "x": -0.1079324409365654}], "name": "LFullSole", "bodyName": "LLEG_LINK5"}}, {"X_es_rs": {"rotation": [0.9999983284933468, -0.001810035572660099, -0.0002584216285057561, -0.0003031614426660112, -0.3035250371728772, 0.9528234148583583, -0.0018030817097557383, -0.9528217438642073, -0.30352507856175387], "translation": [-0.034265598045321255, -0.01903086050186542, -0.0061522992428520995]}, "is_fixed": true, "envSurface": {"name": "StairLeftRung1", "X_b_s": {"rotation": [0.7547095801934123, 0.0, 0.6560590290242818, 0.0, 1.0, 0.0, -0.6560590290242818, 0.0, 0.7547095801934123], "translation": [0.1552511304616928, 0.0, 0.13495755195617676]}, "width": 0.8, "radius": 0.019999999552965164, "materialName": "plastic", "bodyName": "stair_left_rung1"}, "robotSurface": {"name": "RightGripper", "X_b_s": {"rotation": [-1.0, 1.2246467991473532e-16, 0.0, -1.2246467991473532e-16, -1.0, 0.0, 0.0, 0.0, 1.0], "translation": [0.0, 0.0, -0.19497999548912048]}, "pointsFromOrigin": [{"rotation": [1.0, 0.0, 0.0, 0.0, -1.6292067955264295e-07, -0.9999999999999867, 0.0, 0.9999999999999867, -1.6292067955264295e-07], "translation": [0.0, 0.019999999552965164, 0.0]}, {"rotation": [1.0, 0.0, 0.0, 0.0, -6.397578377557251e-07, 0.9999999999997954, 0.0, -0.9999999999997954, -6.397578377557251e-07], "translation": [0.0, -0.019999999552965164, 0.0]}, {"rotation": [1.0, 0.0, 0.0, 0.0, 1.0, 0.0, 0.0, 0.0, 1.0], "translation": [0.0, 0.0, 0.03500001132488251]}, {"rotation": [1.0, 0.0, 0.0, 0.0, -0.9999999999991814, -1.2795156755111882e-06, 0.0, 1.2795156755111882e-06, -0.9999999999991814], "translation": [0.0, 0.0, -0.030000001192092896]}], "motorMaxTorque": 1000.0, "materialName": "plastic", "X_b_motor": {"rotation": [1.0, 0.0, 0.0, 0.0, 1.0, 0.0, 0.0, 0.0, 1.0], "translation": [0.0, 0.0, 0.06797564029693604]}, "bodyName": "RARM_LINK6"}}]}, {"q": [[0.7562807699612822, -0.15517304442524063, 0.04534825841605943, 0.6339591932681495, -0.22437515922016837, -0.2507577520720088, 0.7724072889056758], [-0.20416817671211085], [-0.18305086533062634], [-1.2949061852716024], [1.551435970871399], [-0.5025295651276852], [0.4079724662309033], [0.18200192209362562], [0.08678746640594877], [-0.8338108569296373], [0.8303471910207351], [-0.29422424288090987], [0.043648771122259344], [0.13463813251313816], [0.5067783412673473], [0.001820001834889515], [0.21684432003629894], [-1.5740200374890885], [-0.9282977880550721], [-0.3531183033123125], [-0.9827490648250743], [-0.30197189209646824], [0.9183439685843999], [1.7455267200630218], [-0.9386202244014651], [0.8370923797754796], [0.09777357686478946], [-1.1222801392574635], [-0.0013188724159426117], [0.009152006162985156], [4.25182445056169e-06]], "geomContacts": [{"X_es_rs": {"rotation": [6.123233995736766e-17, 1.0, 0.0, -1.0, 6.123233995736766e-17, 0.0, 0.0, 0.0, 1.0], "translation": [-0.3, -0.15, 0.0]}, "is_fixed": true, "envSurface": {"X_b_s": {"rotation": [1.0, 0.0, 0.0, 0.0, 1.0, 0.0, 0.0, 0.0, 1.0], "translation": [0.0, 0.0, 0.1250896453857422]}, "materialName": "plastic", "planarPoints": [{"y": -3.0, "x": -3.0}, {"y": -3.0, "x": 3.0}, {"y": 3.0, "x": 3.0}, {"y": 3.0, "x": -3.0}], "name": "Ground", "bodyName": "ground"}, "robotSurface": {"X_b_s": {"rotation": [1.0, 0.0, 0.0, 0.0, 1.0, 0.0, 0.0, 0.0, 1.0], "translation": [0.014592470601201057, 0.010025011375546455, -0.125]}, "materialName": "plastic", "planarPoints": [{"y": -0.06831501424312592, "x": 0.1093074306845665}, {"y": 0.06836499273777008, "x": 0.10640743374824524}, {"y": 0.06897497922182083, "x": -0.10778241604566574}, {"y": -0.069024957716465, "x": -0.1079324409365654}], "name": "LFullSole", "bodyName": "LLEG_LINK5"}}, {"X_es_rs": {"rotation": [0.9999979181664294, -0.0020393262514874543, 6.936315909972235e-05, -0.0006853723295810465, -0.30367053316801423, 0.9527768561159662, -0.001921959306980997, -0.9527749201327116, -0.30367129867428755], "translation": [-0.034242431934599304, -0.019039993240448694, -0.006123791194405759]}, "is_fixed": true, "envSurface": {"name": "StairLeftRung1", "X_b_s": {"rotation": [0.7547095801934123, 0.0, 0.6560590290242818, 0.0, 1.0, 0.0, -0.6560590290242818, 0.0, 0.7547095801934123], "translation": [0.1552511304616928, 0.0, 0.13495755195617676]}, "width": 0.8, "radius": 0.019999999552965164, "materialName": "plastic", "bodyName": "stair_left_rung1"}, "robotSurface": {"name": "RightGripper", "X_b_s": {"rotation": [-1.0, 1.2246467991473532e-16, 0.0, -1.2246467991473532e-16, -1.0, 0.0, 0.0, 0.0, 1.0], "translation": [0.0, 0.0, -0.19497999548912048]}, "pointsFromOrigin": [{"rotation": [1.0, 0.0, 0.0, 0.0, -1.6292067955264295e-07, -0.9999999999999867, 0.0, 0.9999999999999867, -1.6292067955264295e-07], "translation": [0.0, 0.019999999552965164, 0.0]}, {"rotation": [1.0, 0.0, 0.0, 0.0, -6.397578377557251e-07, 0.9999999999997954, 0.0, -0.9999999999997954, -6.397578377557251e-07], "translation": [0.0, -0.019999999552965164, 0.0]}, {"rotation": [1.0, 0.0, 0.0, 0.0, 1.0, 0.0, 0.0, 0.0, 1.0], "translation": [0.0, 0.0, 0.03500001132488251]}, {"rotation": [1.0, 0.0, 0.0, 0.0, -0.9999999999991814, -1.2795156755111882e-06, 0.0, 1.2795156755111882e-06, -0.9999999999991814], "translation": [0.0, 0.0, -0.030000001192092896]}], "motorMaxTorque": 1000.0, "materialName": "plastic", "X_b_motor": {"rotation": [1.0, 0.0, 0.0, 0.0, 1.0, 0.0, 0.0, 0.0, 1.0], "translation": [0.0, 0.0, 0.06797564029693604]}, "bodyName": "RARM_LINK6"}}, {"X_es_rs": {"rotation": [0.3025643806838933, 0.9531289049573699, -0.0002933873510949647, -0.9531285984944236, 0.3025645191328965, 0.0007658289204745539, 0.000818702283160222, 4.792332173191027e-05, 0.9999996637149072], "translation": [-0.04445478819272407, -0.18261067576025064, -1.3507169373511152e-05]}, "is_fixed": true, "envSurface": {"X_b_s": {"rotation": [1.0, 0.0, 0.0, 0.0, 1.0, 0.0, 0.0, 0.0, 1.0], "translation": [0.042765893042087555, 0.0, 0.0708480179309845]}, "materialName": "plastic", "planarPoints": [{"y": -0.40000085830688, "x": -0.13349999487400055}, {"y": -0.40000085830688, "x": 0.13349999487400055}, {"y": 0.40000085830688, "x": 0.13349999487400055}, {"y": 0.40000085830688, "x": -0.13349999487400055}], "name": "StairStep1", "bodyName": "stair_step1"}, "robotSurface": {"X_b_s": {"rotation": [1.0, 0.0, 0.0, 0.0, 1.0, 0.0, 0.0, 0.0, 1.0], "translation": [0.02, -0.010025011375546455, -0.125]}, "materialName": "plastic", "planarPoints": [{"y": -0.07, "x": 0.11}, {"y": 0.07, "x": 0.11}, {"y": 0.07, "x": -0.025}, {"y": -0.07, "x": -0.025}], "name": "RFrontSole", "bodyName": "RLEG_LINK5"}}], "stabContacts": [{"X_es_rs": {"rotation": [6.123233995736766e-17, 1.0, 0.0, -1.0, 6.123233995736766e-17, 0.0, 0.0, 0.0, 1.0], "translation": [-0.3, -0.15, 0.0]}, "is_fixed": true, "envSurface": {"X_b_s": {"rotation": [1.0, 0.0, 0.0, 0.0, 1.0, 0.0, 0.0, 0.0, 1.0], "translation": [0.0, 0.0, 0.1250896453857422]}, "materialName": "plastic", "planarPoints": [{"y": -3.0, "x": -3.0}, {"y": -3.0, "x": 3.0}, {"y": 3.0, "x": 3.0}, {"y": 3.0, "x": -3.0}], "name": "Ground", "bodyName": "ground"}, "robotSurface": {"X_b_s": {"rotation": [1.0, 0.0, 0.0, 0.0, 1.0, 0.0, 0.0, 0.0, 1.0], "translation": [0.014592470601201057, 0.010025011375546455, -0.125]}, "materialName": "plastic", "planarPoints": [{"y": -0.06831501424312592, "x": 0.1093074306845665}, {"y": 0.06836499273777008, "x": 0.10640743374824524}, {"y": 0.06897497922182083, "x": -0.10778241604566574}, {"y": -0.069024957716465, "x": -0.1079324409365654}], "name": "LFullSole", "bodyName": "LLEG_LINK5"}}, {"X_es_rs": {"rotation": [0.9999979181664294, -0.0020393262514874543, 6.936315909972235e-05, -0.0006853723295810465, -0.30367053316801423, 0.9527768561159662, -0.001921959306980997, -0.9527749201327116, -0.30367129867428755], "translation": [-0.034242431934599304, -0.019039993240448694, -0.006123791194405759]}, "is_fixed": true, "envSurface": {"name": "StairLeftRung1", "X_b_s": {"rotation": [0.7547095801934123, 0.0, 0.6560590290242818, 0.0, 1.0, 0.0, -0.6560590290242818, 0.0, 0.7547095801934123], "translation": [0.1552511304616928, 0.0, 0.13495755195617676]}, "width": 0.8, "radius": 0.019999999552965164, "materialName": "plastic", "bodyName": "stair_left_rung1"}, "robotSurface": {"name": "RightGripper", "X_b_s": {"rotation": [-1.0, 1.2246467991473532e-16, 0.0, -1.2246467991473532e-16, -1.0, 0.0, 0.0, 0.0, 1.0], "translation": [0.0, 0.0, -0.19497999548912048]}, "pointsFromOrigin": [{"rotation": [1.0, 0.0, 0.0, 0.0, -1.6292067955264295e-07, -0.9999999999999867, 0.0, 0.9999999999999867, -1.6292067955264295e-07], "translation": [0.0, 0.019999999552965164, 0.0]}, {"rotation": [1.0, 0.0, 0.0, 0.0, -6.397578377557251e-07, 0.9999999999997954, 0.0, -0.9999999999997954, -6.397578377557251e-07], "translation": [0.0, -0.019999999552965164, 0.0]}, {"rotation": [1.0, 0.0, 0.0, 0.0, 1.0, 0.0, 0.0, 0.0, 1.0], "translation": [0.0, 0.0, 0.03500001132488251]}, {"rotation": [1.0, 0.0, 0.0, 0.0, -0.9999999999991814, -1.2795156755111882e-06, 0.0, 1.2795156755111882e-06, -0.9999999999991814], "translation": [0.0, 0.0, -0.030000001192092896]}], "motorMaxTorque": 1000.0, "materialName": "plastic", "X_b_motor": {"rotation": [1.0, 0.0, 0.0, 0.0, 1.0, 0.0, 0.0, 0.0, 1.0], "translation": [0.0, 0.0, 0.06797564029693604]}, "bodyName": "RARM_LINK6"}}]}, {"q": [[0.7819486054676491, 0.025043040103938, 0.028254660595514507, 0.6221984399724767, -0.053557106686265156, -0.17132828895095, 0.7635148471837346], [-0.08374279666931998], [-0.18982577485812455], [-0.9909192235839388], [1.8862020394391668], [-0.9144198750355317], [0.11718793379854284], [0.2258413090190306], [0.14234021563030502], [-0.2973816464333604], [0.6230655444839546], [-0.32163824321937245], [-0.21776432339858204], [-0.1476347400432199], [0.3646985975092548], [0.00019366153790955785], [0.2195120436405518], [-1.7702331980102395], [-0.37145137004924456], [0.9576968131506322], [-1.1086105393785801], [0.44793379734705635], [0.19437853641731548], [0.7814560918014982], [-1.2600022744818056], [0.09550175608240558], [-0.841527584822749], [-1.4893445292004546], [1.0693694701756147], [1.2783272337477949], [-1.2826559979605985]], "geomContacts": [{"X_es_rs": {"rotation": [6.123233995736766e-17, 1.0, 0.0, -1.0, 6.123233995736766e-17, 0.0, 0.0, 0.0, 1.0], "translation": [-0.3, -0.15, 0.0]}, "is_fixed": true, "envSurface": {"X_b_s": {"rotation": [1.0, 0.0, 0.0, 0.0, 1.0, 0.0, 0.0, 0.0, 1.0], "translation": [0.0, 0.0, 0.1250896453857422]}, "materialName": "plastic", "planarPoints": [{"y": -3.0, "x": -3.0}, {"y": -3.0, "x": 3.0}, {"y": 3.0, "x": 3.0}, {"y": 3.0, "x": -3.0}], "name": "Ground", "bodyName": "ground"}, "robotSurface": {"X_b_s": {"rotation": [1.0, 0.0, 0.0, 0.0, 1.0, 0.0, 0.0, 0.0, 1.0], "translation": [0.014592470601201057, 0.010025011375546455, -0.125]}, "materialName": "plastic", "planarPoints": [{"y": -0.06831501424312592, "x": 0.1093074306845665}, {"y": 0.06836499273777008, "x": 0.10640743374824524}, {"y": 0.06897497922182083, "x": -0.10778241604566574}, {"y": -0.069024957716465, "x": -0.1079324409365654}], "name": "LFullSole", "bodyName": "LLEG_LINK5"}}, {"X_es_rs": {"rotation": [0.99999795940636, -0.0019977597737375523, -0.0003002315814000789, -0.000320939016349886, -0.303828808489511, 0.9527265883400085, -0.0019945378572034655, -0.9527245478561631, -0.3038288296574334], "translation": [-0.034228298684110925, -0.019049739089436524, -0.006093055110740653]}, "is_fixed": true, "envSurface": {"name": "StairLeftRung1", "X_b_s": {"rotation": [0.7547095801934123, 0.0, 0.6560590290242818, 0.0, 1.0, 0.0, -0.6560590290242818, 0.0, 0.7547095801934123], "translation": [0.1552511304616928, 0.0, 0.13495755195617676]}, "width": 0.8, "radius": 0.019999999552965164, "materialName": "plastic", "bodyName": "stair_left_rung1"}, "robotSurface": {"name": "RightGripper", "X_b_s": {"rotation": [-1.0, 1.2246467991473532e-16, 0.0, -1.2246467991473532e-16, -1.0, 0.0, 0.0, 0.0, 1.0], "translation": [0.0, 0.0, -0.19497999548912048]}, "pointsFromOrigin": [{"rotation": [1.0, 0.0, 0.0, 0.0, -1.6292067955264295e-07, -0.9999999999999867, 0.0, 0.9999999999999867, -1.6292067955264295e-07], "translation": [0.0, 0.019999999552965164, 0.0]}, {"rotation": [1.0, 0.0, 0.0, 0.0, -6.397578377557251e-07, 0.9999999999997954, 0.0, -0.9999999999997954, -6.397578377557251e-07], "translation": [0.0, -0.019999999552965164, 0.0]}, {"rotation": [1.0, 0.0, 0.0, 0.0, 1.0, 0.0, 0.0, 0.0, 1.0], "translation": [0.0, 0.0, 0.03500001132488251]}, {"rotation": [1.0, 0.0, 0.0, 0.0, -0.9999999999991814, -1.2795156755111882e-06, 0.0, 1.2795156755111882e-06, -0.9999999999991814], "translation": [0.0, 0.0, -0.030000001192092896]}], "motorMaxTorque": 1000.0, "materialName": "plastic", "X_b_motor": {"rotation": [1.0, 0.0, 0.0, 0.0, 1.0, 0.0, 0.0, 0.0, 1.0], "translation": [0.0, 0.0, 0.06797564029693604]}, "bodyName": "RARM_LINK6"}}, {"X_es_rs": {"rotation": [0.30256069868032665, 0.9531301000798036, -0.00018956776133199904, -0.9531300010919421, 0.3025607541893221, 0.00043708450332573257, 0.0004739541612368142, 4.8438127856681445e-05, 0.999999886510594], "translation": [-0.044411748293888345, -0.18261067990175864, -8.16138363182728e-06]}, "is_fixed": true, "envSurface": {"X_b_s": {"rotation": [1.0, 0.0, 0.0, 0.0, 1.0, 0.0, 0.0, 0.0, 1.0], "translation": [0.042765893042087555, 0.0, 0.0708480179309845]}, "materialName": "plastic", "planarPoints": [{"y": -0.40000085830688, "x": -0.13349999487400055}, {"y": -0.40000085830688, "x": 0.13349999487400055}, {"y": 0.40000085830688, "x": 0.13349999487400055}, {"y": 0.40000085830688, "x": -0.13349999487400055}], "name": "StairStep1", "bodyName": "stair_step1"}, "robotSurface": {"X_b_s": {"rotation": [1.0, 0.0, 0.0, 0.0, 1.0, 0.0, 0.0, 0.0, 1.0], "translation": [0.02, -0.010025011375546455, -0.125]}, "materialName": "plastic", "planarPoints": [{"y": -0.07, "x": 0.11}, {"y": 0.07, "x": 0.11}, {"y": 0.07, "x": -0.025}, {"y": -0.07, "x": -0.025}], "name": "RFrontSole", "bodyName": "RLEG_LINK5"}}, {"X_es_rs": {"rotation": [0.9999998813724067, -8.427878099575431e-05, -0.00047974186766214233, 0.0004868918906096864, 0.2009346411994899, 0.9796045288290163, 1.3836884499532354e-05, -0.9796046462033136, 0.20093465839775188], "translation": [-0.32836947876523204, -0.01958990239432623, 0.0040295293885169725]}, "is_fixed": true, "envSurface": {"name": "StairLeftRung1", "X_b_s": {"rotation": [0.7547095801934123, 0.0, 0.6560590290242818, 0.0, 1.0, 0.0, -0.6560590290242818, 0.0, 0.7547095801934123], "translation": [0.1552511304616928, 0.0, 0.13495755195617676]}, "width": 0.8, "radius": 0.019999999552965164, "materialName": "plastic", "bodyName": "stair_left_rung1"}, "robotSurface": {"name": "LeftGripper", "X_b_s": {"rotation": [1.0, 0.0, 0.0, 0.0, 1.0, 0.0, 0.0, 0.0, 1.0], "translation": [0.0, 0.0, -0.19497999548912048]}, "pointsFromOrigin": [{"rotation": [1.0, 0.0, 0.0, 0.0, -1.6292067955264295e-07, -0.9999999999999867, 0.0, 0.9999999999999867, -1.6292067955264295e-07], "translation": [0.0, 0.019999999552965164, 0.0]}, {"rotation": [1.0, 0.0, 0.0, 0.0, -6.397578377557251e-07, 0.9999999999997954, 0.0, -0.9999999999997954, -6.397578377557251e-07], "translation": [0.0, -0.019999999552965164, 0.0]}, {"rotation": [1.0, 0.0, 0.0, 0.0, 1.0, 0.0, 0.0, 0.0, 1.0], "translation": [0.0, 0.0, 0.03500001132488251]}, {"rotation": [1.0, 0.0, 0.0, 0.0, -0.9999999999991814, -1.2795156755111882e-06, 0.0, 1.2795156755111882e-06, -0.9999999999991814], "translation": [0.0, 0.0, -0.030000001192092896]}], "motorMaxTorque": 1000.0, "materialName": "plastic", "X_b_motor": {"rotation": [1.0, 0.0, 0.0, 0.0, 1.0, 0.0, 0.0, 0.0, 1.0], "translation": [0.0, 0.0, 0.06797564029693604]}, "bodyName": "LARM_LINK6"}}], "stabContacts": [{"X_es_rs": {"rotation": [6.123233995736766e-17, 1.0, 0.0, -1.0, 6.123233995736766e-17, 0.0, 0.0, 0.0, 1.0], "translation": [-0.3, -0.15, 0.0]}, "is_fixed": true, "envSurface": {"X_b_s": {"rotation": [1.0, 0.0, 0.0, 0.0, 1.0, 0.0, 0.0, 0.0, 1.0], "translation": [0.0, 0.0, 0.1250896453857422]}, "materialName": "plastic", "planarPoints": [{"y": -3.0, "x": -3.0}, {"y": -3.0, "x": 3.0}, {"y": 3.0, "x": 3.0}, {"y": 3.0, "x": -3.0}], "name": "Ground", "bodyName": "ground"}, "robotSurface": {"X_b_s": {"rotation": [1.0, 0.0, 0.0, 0.0, 1.0, 0.0, 0.0, 0.0, 1.0], "translation": [0.014592470601201057, 0.010025011375546455, -0.125]}, "materialName": "plastic", "planarPoints": [{"y": -0.06831501424312592, "x": 0.1093074306845665}, {"y": 0.06836499273777008, "x": 0.10640743374824524}, {"y": 0.06897497922182083, "x": -0.10778241604566574}, {"y": -0.069024957716465, "x": -0.1079324409365654}], "name": "LFullSole", "bodyName": "LLEG_LINK5"}}, {"X_es_rs": {"rotation": [0.99999795940636, -0.0019977597737375523, -0.0003002315814000789, -0.000320939016349886, -0.303828808489511, 0.9527265883400085, -0.0019945378572034655, -0.9527245478561631, -0.3038288296574334], "translation": [-0.034228298684110925, -0.019049739089436524, -0.006093055110740653]}, "is_fixed": true, "envSurface": {"name": "StairLeftRung1", "X_b_s": {"rotation": [0.7547095801934123, 0.0, 0.6560590290242818, 0.0, 1.0, 0.0, -0.6560590290242818, 0.0, 0.7547095801934123], "translation": [0.1552511304616928, 0.0, 0.13495755195617676]}, "width": 0.8, "radius": 0.019999999552965164, "materialName": "plastic", "bodyName": "stair_left_rung1"}, "robotSurface": {"name": "RightGripper", "X_b_s": {"rotation": [-1.0, 1.2246467991473532e-16, 0.0, -1.2246467991473532e-16, -1.0, 0.0, 0.0, 0.0, 1.0], "translation": [0.0, 0.0, -0.19497999548912048]}, "pointsFromOrigin": [{"rotation": [1.0, 0.0, 0.0, 0.0, -1.6292067955264295e-07, -0.9999999999999867, 0.0, 0.9999999999999867, -1.6292067955264295e-07], "translation": [0.0, 0.019999999552965164, 0.0]}, {"rotation": [1.0, 0.0, 0.0, 0.0, -6.397578377557251e-07, 0.9999999999997954, 0.0, -0.9999999999997954, -6.397578377557251e-07], "translation": [0.0, -0.019999999552965164, 0.0]}, {"rotation": [1.0, 0.0, 0.0, 0.0, 1.0, 0.0, 0.0, 0.0, 1.0], "translation": [0.0, 0.0, 0.03500001132488251]}, {"rotation": [1.0, 0.0, 0.0, 0.0, -0.9999999999991814, -1.2795156755111882e-06, 0.0, 1.2795156755111882e-06, -0.9999999999991814], "translation": [0.0, 0.0, -0.030000001192092896]}], "motorMaxTorque": 1000.0, "materialName": "plastic", "X_b_motor": {"rotation": [1.0, 0.0, 0.0, 0.0, 1.0, 0.0, 0.0, 0.0, 1.0], "translation": [0.0, 0.0, 0.06797564029693604]}, "bodyName": "RARM_LINK6"}}, {"X_es_rs": {"rotation": [0.30256069868032665, 0.9531301000798036, -0.00018956776133199904, -0.9531300010919421, 0.3025607541893221, 0.00043708450332573257, 0.0004739541612368142, 4.8438127856681445e-05, 0.999999886510594], "translation": [-0.044411748293888345, -0.18261067990175864, -8.16138363182728e-06]}, "is_fixed": true, "envSurface": {"X_b_s": {"rotation": [1.0, 0.0, 0.0, 0.0, 1.0, 0.0, 0.0, 0.0, 1.0], "translation": [0.042765893042087555, 0.0, 0.0708480179309845]}, "materialName": "plastic", "planarPoints": [{"y": -0.40000085830688, "x": -0.13349999487400055}, {"y": -0.40000085830688, "x": 0.13349999487400055}, {"y": 0.40000085830688, "x": 0.13349999487400055}, {"y": 0.40000085830688, "x": -0.13349999487400055}], "name": "StairStep1", "bodyName": "stair_step1"}, "robotSurface": {"X_b_s": {"rotation": [1.0, 0.0, 0.0, 0.0, 1.0, 0.0, 0.0, 0.0, 1.0], "translation": [0.02, -0.010025011375546455, -0.125]}, "materialName": "plastic", "planarPoints": [{"y": -0.07, "x": 0.11}, {"y": 0.07, "x": 0.11}, {"y": 0.07, "x": -0.025}, {"y": -0.07, "x": -0.025}], "name": "RFrontSole", "bodyName": "RLEG_LINK5"}}]}, {"q": [[0.7659028518649631, 0.0771117507004403, 0.15529435341865672, 0.6191367080098797, -0.019814004857991417, -0.31637023777563333, 0.7381304380362314], [-0.11068834299484577], [-0.23029940445544392], [-1.5276587847935286], [1.962592450814617], [-0.6118850958252193], [-0.07037331515522512], [0.2190424600585204], [-0.06555362281826302], [-0.5155495298993251], [0.47243602130270035], [-0.03129143920585768], [-0.27511376853899605], [0.15524032800892063], [0.3984033186150066], [-0.00492734698514871], [0.21215565850607865], [-2.098318063515012], [-0.14645531766129463], [0.8318902520853089], [-0.8874306888029505], [1.0645723247190737], [0.5078518584807452], [0.5955683683341922], [-1.6048503810397086], [0.0827362681144686], [-0.8120110761860659], [-1.1419717461919376], [1.409319671770126], [0.7772285301361139], [-1.1903355589588815]], "geomContacts": [{"X_es_rs": {"rotation": [6.123233995736766e-17, 1.0, 0.0, -1.0, 6.123233995736766e-17, 0.0, 0.0, 0.0, 1.0], "translation": [-0.3, -0.15, 0.0]}, "is_fixed": true, "envSurface": {"X_b_s": {"rotation": [1.0, 0.0, 0.0, 0.0, 1.0, 0.0, 0.0, 0.0, 1.0], "translation": [0.0, 0.0, 0.1250896453857422]}, "materialName": "plastic", "planarPoints": [{"y": -3.0, "x": -3.0}, {"y": -3.0, "x": 3.0}, {"y": 3.0, "x": 3.0}, {"y": 3.0, "x": -3.0}], "name": "Ground", "bodyName": "ground"}, "robotSurface": {"X_b_s": {"rotation": [1.0, 0.0, 0.0, 0.0, 1.0, 0.0, 0.0, 0.0, 1.0], "translation": [0.014592470601201057, 0.010025011375546455, -0.125]}, "materialName": "plastic", "planarPoints": [{"y": -0.06831501424312592, "x": 0.1093074306845665}, {"y": 0.06836499273777008, "x": 0.10640743374824524}, {"y": 0.06897497922182083, "x": -0.10778241604566574}, {"y": -0.069024957716465, "x": -0.1079324409365654}], "name": "LFullSole", "bodyName": "LLEG_LINK5"}}, {"X_es_rs": {"rotation": [0.9999984244584517, -0.0017710995320440919, -0.00011952850054364195, -0.00042445890695652633, -0.30395325580545396, 0.9526868520767466, -0.001723634314799688, -0.952685300344092, -0.30395352867344194], "translation": [-0.03428110586786404, -0.019057398076902876, -0.006068761450308657]}, "is_fixed": true, "envSurface": {"name": "StairLeftRung1", "X_b_s": {"rotation": [0.7547095801934123, 0.0, 0.6560590290242818, 0.0, 1.0, 0.0, -0.6560590290242818, 0.0, 0.7547095801934123], "translation": [0.1552511304616928, 0.0, 0.13495755195617676]}, "width": 0.8, "radius": 0.019999999552965164, "materialName": "plastic", "bodyName": "stair_left_rung1"}, "robotSurface": {"name": "RightGripper", "X_b_s": {"rotation": [-1.0, 1.2246467991473532e-16, 0.0, -1.2246467991473532e-16, -1.0, 0.0, 0.0, 0.0, 1.0], "translation": [0.0, 0.0, -0.19497999548912048]}, "pointsFromOrigin": [{"rotation": [1.0, 0.0, 0.0, 0.0, -1.6292067955264295e-07, -0.9999999999999867, 0.0, 0.9999999999999867, -1.6292067955264295e-07], "translation": [0.0, 0.019999999552965164, 0.0]}, {"rotation": [1.0, 0.0, 0.0, 0.0, -6.397578377557251e-07, 0.9999999999997954, 0.0, -0.9999999999997954, -6.397578377557251e-07], "translation": [0.0, -0.019999999552965164, 0.0]}, {"rotation": [1.0, 0.0, 0.0, 0.0, 1.0, 0.0, 0.0, 0.0, 1.0], "translation": [0.0, 0.0, 0.03500001132488251]}, {"rotation": [1.0, 0.0, 0.0, 0.0, -0.9999999999991814, -1.2795156755111882e-06, 0.0, 1.2795156755111882e-06, -0.9999999999991814], "translation": [0.0, 0.0, -0.030000001192092896]}], "motorMaxTorque": 1000.0, "materialName": "plastic", "X_b_motor": {"rotation": [1.0, 0.0, 0.0, 0.0, 1.0, 0.0, 0.0, 0.0, 1.0], "translation": [0.0, 0.0, 0.06797564029693604]}, "bodyName": "RARM_LINK6"}}, {"X_es_rs": {"rotation": [0.3026590518283015, 0.9530988655105392, -0.00022563004498438177, -0.9530988573494708, 0.3026590963102136, 0.00019884621816700088, 0.00025780909046137224, 0.00015486513020838977, 0.9999999547756315], "translation": [-0.04438307289137912, -0.18262559280488283, -6.501412946890994e-06]}, "is_fixed": true, "envSurface": {"X_b_s": {"rotation": [1.0, 0.0, 0.0, 0.0, 1.0, 0.0, 0.0, 0.0, 1.0], "translation": [0.042765893042087555, 0.0, 0.0708480179309845]}, "materialName": "plastic", "planarPoints": [{"y": -0.40000085830688, "x": -0.13349999487400055}, {"y": -0.40000085830688, "x": 0.13349999487400055}, {"y": 0.40000085830688, "x": 0.13349999487400055}, {"y": 0.40000085830688, "x": -0.13349999487400055}], "name": "StairStep1", "bodyName": "stair_step1"}, "robotSurface": {"X_b_s": {"rotation": [1