{"stances": [{"q": [[0.6739983713079437, 0.00011437365538075234, -0.0003532732821933797, 0.7387327375924898, -0.28410523808805244, 0.04217560601738628, 0.8824535176954246], [-0.10662141263863839], [0.18517918952830523], [-1.557052606804999], [1.6654017309175484], [-0.019666557318762757], [-0.18249173292503207], [-0.10536820278435818], [0.15541695594550314], [-1.5308324098455282], [1.6092677759824032], [0.010582959415949738], [-0.1557163992840303], [-0.05210625438364642], [0.0937500856165829], [0.0003202858799360646], [0.017736728285436053], [0.038137871354764104], [-0.09577891398108043], [0.017978568490018967], [-1.8601108120841756], [-1.5609681568994827], [1.5400554955493524], [-0.0005000440178985795], [0.15952098920687605], [0.19111433958234694], [0.016090263242448617], [-1.8193108382789813], [-1.5596996228641484], [1.541250811283515], [-0.0009999888770230827]], "geomContacts": [{"X_es_rs": {"rotation": [6.123233995736766e-17, 1.0, 0.0, -1.0, 6.123233995736766e-17, 0.0, 0.0, 0.0, 1.0], "translation": [0.1, 0.0, 0.0]}, "is_fixed": true, "envSurface": {"X_b_s": {"rotation": [1.0, 0.0, 0.0, 0.0, 0.99619469636492, -0.08715576248536194, 0.0, 0.08715576248536194, 0.99619469636492], "translation": [-0.3400714099407196, 0.3640865683555603, 0.40371185541152954]}, "materialName": "plastic", "planarPoints": [{"y": -0.15948455035686493, "x": -0.3243147134780884}, {"y": -0.14944154024124146, "x": 0.340427428483963}, {"y": 0.17462076246738434, "x": 0.3378714323043823}, {"y": 0.13430534303188324, "x": -0.30008664727211}], "name": "left_floor", "bodyName": "chassis"}, "robotSurface": {"X_b_s": {"rotation": [1.0, 0.0, 0.0, 0.0, 1.0, 0.0, 0.0, 0.0, 1.0], "translation": [0.014592470601201057, -0.010025011375546455, -0.125]}, "materialName": "plastic", "planarPoints": [{"y": 0.069024957716465, "x": -0.1079324409365654}, {"y": -0.06897497922182083, "x": -0.10778241604566574}, {"y": -0.06836499273777008, "x": 0.10640743374824524}, {"y": 0.06831501424312592, "x": 0.1093074306845665}], "name": "RFullSole", "bodyName": "RLEG_LINK5"}}, {"X_es_rs": {"rotation": [6.123233995736766e-17, 1.0, 0.0, -1.0, 6.123233995736766e-17, 0.0, 0.0, 0.0, 1.0], "translation": [-0.1, 0.0, 0.0]}, "is_fixed": true, "envSurface": {"X_b_s": {"rotation": [1.0, 0.0, 0.0, 0.0, 0.99619469636492, -0.08715576248536194, 0.0, 0.08715576248536194, 0.99619469636492], "translation": [-0.3400714099407196, 0.3640865683555603, 0.40371185541152954]}, "materialName": "plastic", "planarPoints": [{"y": -0.15948455035686493, "x": -0.3243147134780884}, {"y": -0.14944154024124146, "x": 0.340427428483963}, {"y": 0.17462076246738434, "x": 0.3378714323043823}, {"y": 0.13430534303188324, "x": -0.30008664727211}], "name": "left_floor", "bodyName": "chassis"}, "robotSurface": {"X_b_s": {"rotation": [1.0, 0.0, 0.0, 0.0, 1.0, 0.0, 0.0, 0.0, 1.0], "translation": [0.014592470601201057, 0.010025011375546455, -0.125]}, "materialName": "plastic", "planarPoints": [{"y": -0.06831501424312592, "x": 0.1093074306845665}, {"y": 0.06836499273777008, "x": 0.10640743374824524}, {"y": 0.06897497922182083, "x": -0.10778241604566574}, {"y": -0.069024957716465, "x": -0.1079324409365654}], "name": "LFullSole", "bodyName": "LLEG_LINK5"}}, {"X_es_rs": {"rotation": [-0.09145236478581231, 0.9958092431280802, 0.0006451943607456653, -0.9958094047487066, -0.09145214134445467, -0.00036777376285167295, -0.00030722810655413264, -0.0006761243926403254, 0.9999997242333105], "translation": [-0.028593510809700406, 0.06662349007259555, 1.0653155881890086e-06]}, "is_fixed": true, "envSurface": {"X_b_s": {"rotation": [1.0, 0.0, 0.0, 0.0, 1.0, 0.0, 0.0, 0.0, 1.0], "translation": [-0.2556469440460205, -0.022774457931518555, 0.8324535799026489]}, "materialName": "plastic", "planarPoints": [{"y": -0.1896364688873291, "x": -0.2803537845611572}, {"y": -0.1896364688873291, "x": 0.1992306262254715}, {"y": 0.18851175904273987, "x": 0.1992305964231491}, {"y": 0.19076116383075714, "x": -0.26513612270355225}], "name": "left_seat_deformed", "bodyName": "chassis"}, "robotSurface": {"X_b_s": {"rotation": [1.0, 0.0, 0.0, 0.0, 1.0, 0.0, 0.0, 0.0, 1.0], "translation": [0.0016465201042592525, 0.0, -0.04999994859099388]}, "materialName": "plastic", "planarPoints": [{"y": -0.20000000298023224, "x": -0.04500000178813934}, {"y": -0.19389525055885315, "x": 0.04500000178813934}, {"y": 0.19389525055885315, "x": 0.04500000178813934}, {"y": 0.20000000298023224, "x": -0.04500000178813934}], "name": "XYLargeButthock", "bodyName": "BODY"}}], "stabContacts": [{"X_es_rs": {"rotation": [6.123233995736766e-17, 1.0, 0.0, -1.0, 6.123233995736766e-17, 0.0, 0.0, 0.0, 1.0], "translation": [0.1, 0.0, 0.0]}, "is_fixed": true, "envSurface": {"X_b_s": {"rotation": [1.0, 0.0, 0.0, 0.0, 0.99619469636492, -0.08715576248536194, 0.0, 0.08715576248536194, 0.99619469636492], "translation": [-0.3400714099407196, 0.3640865683555603, 0.40371185541152954]}, "materialName": "plastic", "planarPoints": [{"y": -0.15948455035686493, "x": -0.3243147134780884}, {"y": -0.14944154024124146, "x": 0.340427428483963}, {"y": 0.17462076246738434, "x": 0.3378714323043823}, {"y": 0.13430534303188324, "x": -0.30008664727211}], "name": "left_floor", "bodyName": "chassis"}, "robotSurface": {"X_b_s": {"rotation": [1.0, 0.0, 0.0, 0.0, 1.0, 0.0, 0.0, 0.0, 1.0], "translation": [0.014592470601201057, -0.010025011375546455, -0.125]}, "materialName": "plastic", "planarPoints": [{"y": 0.069024957716465, "x": -0.1079324409365654}, {"y": -0.06897497922182083, "x": -0.10778241604566574}, {"y": -0.06836499273777008, "x": 0.10640743374824524}, {"y": 0.06831501424312592, "x": 0.1093074306845665}], "name": "RFullSole", "bodyName": "RLEG_LINK5"}}, {"X_es_rs": {"rotation": [6.123233995736766e-17, 1.0, 0.0, -1.0, 6.123233995736766e-17, 0.0, 0.0, 0.0, 1.0], "translation": [-0.1, 0.0, 0.0]}, "is_fixed": true, "envSurface": {"X_b_s": {"rotation": [1.0, 0.0, 0.0, 0.0, 0.99619469636492, -0.08715576248536194, 0.0, 0.08715576248536194, 0.99619469636492], "translation": [-0.3400714099407196, 0.3640865683555603, 0.40371185541152954]}, "materialName": "plastic", "planarPoints": [{"y": -0.15948455035686493, "x": -0.3243147134780884}, {"y": -0.14944154024124146, "x": 0.340427428483963}, {"y": 0.17462076246738434, "x": 0.3378714323043823}, {"y": 0.13430534303188324, "x": -0.30008664727211}], "name": "left_floor", "bodyName": "chassis"}, "robotSurface": {"X_b_s": {"rotation": [1.0, 0.0, 0.0, 0.0, 1.0, 0.0, 0.0, 0.0, 1.0], "translation": [0.014592470601201057, 0.010025011375546455, -0.125]}, "materialName": "plastic", "planarPoints": [{"y": -0.06831501424312592, "x": 0.1093074306845665}, {"y": 0.06836499273777008, "x": 0.10640743374824524}, {"y": 0.06897497922182083, "x": -0.10778241604566574}, {"y": -0.069024957716465, "x": -0.1079324409365654}], "name": "LFullSole", "bodyName": "LLEG_LINK5"}}, {"X_es_rs": {"rotation": [-0.09145236478581231, 0.9958092431280802, 0.0006451943607456653, -0.9958094047487066, -0.09145214134445467, -0.00036777376285167295, -0.00030722810655413264, -0.0006761243926403254, 0.9999997242333105], "translation": [-0.028593510809700406, 0.06662349007259555, 1.0653155881890086e-06]}, "is_fixed": true, "envSurface": {"X_b_s": {"rotation": [1.0, 0.0, 0.0, 0.0, 1.0, 0.0, 0.0, 0.0, 1.0], "translation": [-0.2556469440460205, -0.022774457931518555, 0.8324535799026489]}, "materialName": "plastic", "planarPoints": [{"y": -0.1896364688873291, "x": -0.2803537845611572}, {"y": -0.1896364688873291, "x": 0.1992306262254715}, {"y": 0.18851175904273987, "x": 0.1992305964231491}, {"y": 0.19076116383075714, "x": -0.26513612270355225}], "name": "left_seat_deformed", "bodyName": "chassis"}, "robotSurface": {"X_b_s": {"rotation": [1.0, 0.0, 0.0, 0.0, 1.0, 0.0, 0.0, 0.0, 1.0], "translation": [0.0016465201042592525, 0.0, -0.04999994859099388]}, "materialName": "plastic", "planarPoints": [{"y": -0.20000000298023224, "x": -0.04500000178813934}, {"y": -0.19389525055885315, "x": 0.04500000178813934}, {"y": 0.19389525055885315, "x": 0.04500000178813934}, {"y": 0.20000000298023224, "x": -0.04500000178813934}], "name": "XYLargeButthock", "bodyName": "BODY"}}]}, {"q": [[0.6741004235518308, -6.949583527548506e-05, -0.0004564843890572193, 0.7386395641715747, -0.2841052356761808, 0.04217560207832635, 0.8824535171556928], [-0.10663571937819544], [0.1858510487402607], [-1.5570527138046915], [1.6652895208291592], [-0.019518950133873166], [-0.18278772487900077], [-0.10507843454274848], [0.1558351081463282], [-1.5309873505425564], [1.6093817531820989], [0.010533115895837133], [-0.1557224294587188], [-0.012076514998774388], [0.0057398330718175395], [0.0035311360827524323], [0.219941027645331], [-1.3424571782985129], [-0.5162742317882161], [0.2557602021080334], [-1.2669313016979997], [-0.001957525732627966], [0.03624600395717349], [6.000172881353621e-05], [-2.136723842334806], [1.2355339778318324], [0.06224429629880563], [-1.8119968926066334], [0.3456208536554609], [-0.743704455648278], [1.2797131396573946]], "geomContacts": [{"X_es_rs": {"rotation": [6.123233995736766e-17, 1.0, 0.0, -1.0, 6.123233995736766e-17, 0.0, 0.0, 0.0, 1.0], "translation": [0.1, 0.0, 0.0]}, "is_fixed": true, "envSurface": {"X_b_s": {"rotation": [1.0, 0.0, 0.0, 0.0, 0.99619469636492, -0.08715576248536194, 0.0, 0.08715576248536194, 0.99619469636492], "translation": [-0.3400714099407196, 0.3640865683555603, 0.40371185541152954]}, "materialName": "plastic", "planarPoints": [{"y": -0.15948455035686493, "x": -0.3243147134780884}, {"y": -0.14944154024124146, "x": 0.340427428483963}, {"y": 0.17462076246738434, "x": 0.3378714323043823}, {"y": 0.13430534303188324, "x": -0.30008664727211}], "name": "left_floor", "bodyName": "chassis"}, "robotSurface": {"X_b_s": {"rotation": [1.0, 0.0, 0.0, 0.0, 1.0, 0.0, 0.0, 0.0, 1.0], "translation": [0.014592470601201057, -0.010025011375546455, -0.125]}, "materialName": "plastic", "planarPoints": [{"y": 0.069024957716465, "x": -0.1079324409365654}, {"y": -0.06897497922182083, "x": -0.10778241604566574}, {"y": -0.06836499273777008, "x": 0.10640743374824524}, {"y": 0.06831501424312592, "x": 0.1093074306845665}], "name": "RFullSole", "bodyName": "RLEG_LINK5"}}, {"X_es_rs": {"rotation": [6.123233995736766e-17, 1.0, 0.0, -1.0, 6.123233995736766e-17, 0.0, 0.0, 0.0, 1.0], "translation": [-0.1, 0.0, 0.0]}, "is_fixed": true, "envSurface": {"X_b_s": {"rotation": [1.0, 0.0, 0.0, 0.0, 0.99619469636492, -0.08715576248536194, 0.0, 0.08715576248536194, 0.99619469636492], "translation": [-0.3400714099407196, 0.3640865683555603, 0.40371185541152954]}, "materialName": "plastic", "planarPoints": [{"y": -0.15948455035686493, "x": -0.3243147134780884}, {"y": -0.14944154024124146, "x": 0.340427428483963}, {"y": 0.17462076246738434, "x": 0.3378714323043823}, {"y": 0.13430534303188324, "x": -0.30008664727211}], "name": "left_floor", "bodyName": "chassis"}, "robotSurface": {"X_b_s": {"rotation": [1.0, 0.0, 0.0, 0.0, 1.0, 0.0, 0.0, 0.0, 1.0], "translation": [0.014592470601201057, 0.010025011375546455, -0.125]}, "materialName": "plastic", "planarPoints": [{"y": -0.06831501424312592, "x": 0.1093074306845665}, {"y": 0.06836499273777008, "x": 0.10640743374824524}, {"y": 0.06897497922182083, "x": -0.10778241604566574}, {"y": -0.069024957716465, "x": -0.1079324409365654}], "name": "LFullSole", "bodyName": "LLEG_LINK5"}}, {"X_es_rs": {"rotation": [-0.09117722827514252, 0.9958345495679242, 0.0005127678930572927, -0.9958344226728686, -0.0911768211784898, -0.0007680492043572895, -0.000718097386975788, -0.0005806605163801184, 0.9999995735846632], "translation": [-0.028572511937133838, 0.06661875461219227, 8.542654396093141e-07]}, "is_fixed": true, "envSurface": {"X_b_s": {"rotation": [1.0, 0.0, 0.0, 0.0, 1.0, 0.0, 0.0, 0.0, 1.0], "translation": [-0.2556469440460205, -0.022774457931518555, 0.8324535799026489]}, "materialName": "plastic", "planarPoints": [{"y": -0.1896364688873291, "x": -0.2803537845611572}, {"y": -0.1896364688873291, "x": 0.1992306262254715}, {"y": 0.18851175904273987, "x": 0.1992305964231491}, {"y": 0.19076116383075714, "x": -0.26513612270355225}], "name": "left_seat_deformed", "bodyName": "chassis"}, "robotSurface": {"X_b_s": {"rotation": [1.0, 0.0, 0.0, 0.0, 1.0, 0.0, 0.0, 0.0, 1.0], "translation": [0.0016465201042592525, 0.0, -0.04999994859099388]}, "materialName": "plastic", "planarPoints": [{"y": -0.20000000298023224, "x": -0.04500000178813934}, {"y": -0.19389525055885315, "x": 0.04500000178813934}, {"y": 0.19389525055885315, "x": 0.04500000178813934}, {"y": 0.20000000298023224, "x": -0.04500000178813934}], "name": "XYLargeButthock", "bodyName": "BODY"}}, {"X_es_rs": {"rotation": [1.0, 0.0, 0.0, 0.0, -0.8253356149096782, 0.5646424733950355, 0.0, -0.5646424733950355, -0.8253356149096782], "translation": [-0.0, 0.0, 0.0]}, "is_fixed": true, "envSurface": {"name": "left_top_frame_lower", "X_b_s": {"rotation": [0.0007948937526187686, -0.9982002234375903, 0.059964006479444595, 0.9999996829318346, 0.0007963267107332633, 0.0, -4.77509400421642e-05, 0.05996398746676707, 0.9982005399352042], "translation": [-0.64, -0.05, 1.85]}, "width": 0.5, "radius": 0.02500000037252903, "materialName": "plastic", "bodyName": "chassis"}, "robotSurface": {"name": "LeftGripper", "X_b_s": {"rotation": [1.0, 0.0, 0.0, 0.0, 1.0, 0.0, 0.0, 0.0, 1.0], "translation": [0.0, 0.0, -0.19497999548912048]}, "pointsFromOrigin": [{"rotation": [1.0, 0.0, 0.0, 0.0, -1.6292067955264295e-07, -0.9999999999999867, 0.0, 0.9999999999999867, -1.6292067955264295e-07], "translation": [0.0, 0.019999999552965164, 0.0]}, {"rotation": [1.0, 0.0, 0.0, 0.0, -6.397578377557251e-07, 0.9999999999997954, 0.0, -0.9999999999997954, -6.397578377557251e-07], "translation": [0.0, -0.019999999552965164, 0.0]}, {"rotation": [1.0, 0.0, 0.0, 0.0, 1.0, 0.0, 0.0, 0.0, 1.0], "translation": [0.0, 0.0, 0.03500001132488251]}, {"rotation": [1.0, 0.0, 0.0, 0.0, -0.9999999999991814, -1.2795156755111882e-06, 0.0, 1.2795156755111882e-06, -0.9999999999991814], "translation": [0.0, 0.0, -0.030000001192092896]}], "motorMaxTorque": 1000.0, "materialName": "plastic", "X_b_motor": {"rotation": [1.0, 0.0, 0.0, 0.0, 1.0, 0.0, 0.0, 0.0, 1.0], "translation": [0.0, 0.0, 0.06797564029693604]}, "bodyName": "LARM_LINK6"}}], "stabContacts": [{"X_es_rs": {"rotation": [6.123233995736766e-17, 1.0, 0.0, -1.0, 6.123233995736766e-17, 0.0, 0.0, 0.0, 1.0], "translation": [0.1, 0.0, 0.0]}, "is_fixed": true, "envSurface": {"X_b_s": {"rotation": [1.0, 0.0, 0.0, 0.0, 0.99619469636492, -0.08715576248536194, 0.0, 0.08715576248536194, 0.99619469636492], "translation": [-0.3400714099407196, 0.3640865683555603, 0.40371185541152954]}, "materialName": "plastic", "planarPoints": [{"y": -0.15948455035686493, "x": -0.3243147134780884}, {"y": -0.14944154024124146, "x": 0.340427428483963}, {"y": 0.17462076246738434, "x": 0.3378714323043823}, {"y": 0.13430534303188324, "x": -0.30008664727211}], "name": "left_floor", "bodyName": "chassis"}, "robotSurface": {"X_b_s": {"rotation": [1.0, 0.0, 0.0, 0.0, 1.0, 0.0, 0.0, 0.0, 1.0], "translation": [0.014592470601201057, -0.010025011375546455, -0.125]}, "materialName": "plastic", "planarPoints": [{"y": 0.069024957716465, "x": -0.1079324409365654}, {"y": -0.06897497922182083, "x": -0.10778241604566574}, {"y": -0.06836499273777008, "x": 0.10640743374824524}, {"y": 0.06831501424312592, "x": 0.1093074306845665}], "name": "RFullSole", "bodyName": "RLEG_LINK5"}}, {"X_es_rs": {"rotation": [6.123233995736766e-17, 1.0, 0.0, -1.0, 6.123233995736766e-17, 0.0, 0.0, 0.0, 1.0], "translation": [-0.1, 0.0, 0.0]}, "is_fixed": true, "envSurface": {"X_b_s": {"rotation": [1.0, 0.0, 0.0, 0.0, 0.99619469636492, -0.08715576248536194, 0.0, 0.08715576248536194, 0.99619469636492], "translation": [-0.3400714099407196, 0.3640865683555603, 0.40371185541152954]}, "materialName": "plastic", "planarPoints": [{"y": -0.15948455035686493, "x": -0.3243147134780884}, {"y": -0.14944154024124146, "x": 0.340427428483963}, {"y": 0.17462076246738434, "x": 0.3378714323043823}, {"y": 0.13430534303188324, "x": -0.30008664727211}], "name": "left_floor", "bodyName": "chassis"}, "robotSurface": {"X_b_s": {"rotation": [1.0, 0.0, 0.0, 0.0, 1.0, 0.0, 0.0, 0.0, 1.0], "translation": [0.014592470601201057, 0.010025011375546455, -0.125]}, "materialName": "plastic", "planarPoints": [{"y": -0.06831501424312592, "x": 0.1093074306845665}, {"y": 0.06836499273777008, "x": 0.10640743374824524}, {"y": 0.06897497922182083, "x": -0.10778241604566574}, {"y": -0.069024957716465, "x": -0.1079324409365654}], "name": "LFullSole", "bodyName": "LLEG_LINK5"}}, {"X_es_rs": {"rotation": [-0.09117722827514252, 0.9958345495679242, 0.0005127678930572927, -0.9958344226728686, -0.0911768211784898, -0.0007680492043572895, -0.000718097386975788, -0.0005806605163801184, 0.9999995735846632], "translation": [-0.028572511937133838, 0.06661875461219227, 8.542654396093141e-07]}, "is_fixed": true, "envSurface": {"X_b_s": {"rotation": [1.0, 0.0, 0.0, 0.0, 1.0, 0.0, 0.0, 0.0, 1.0], "translation": [-0.2556469440460205, -0.022774457931518555, 0.8324535799026489]}, "materialName": "plastic", "planarPoints": [{"y": -0.1896364688873291, "x": -0.2803537845611572}, {"y": -0.1896364688873291, "x": 0.1992306262254715}, {"y": 0.18851175904273987, "x": 0.1992305964231491}, {"y": 0.19076116383075714, "x": -0.26513612270355225}], "name": "left_seat_deformed", "bodyName": "chassis"}, "robotSurface": {"X_b_s": {"rotation": [1.0, 0.0, 0.0, 0.0, 1.0, 0.0, 0.0, 0.0, 1.0], "translation": [0.0016465201042592525, 0.0, -0.04999994859099388]}, "materialName": "plastic", "planarPoints": [{"y": -0.20000000298023224, "x": -0.04500000178813934}, {"y": -0.19389525055885315, "x": 0.04500000178813934}, {"y": 0.19389525055885315, "x": 0.04500000178813934}, {"y": 0.20000000298023224, "x": -0.04500000178813934}], "name": "XYLargeButthock", "bodyName": "BODY"}}]}, {"q": [[0.6741405004054895, 5.9907350794328265e-05, -0.00020110551827819714, 0.7386031015915897, -0.2841052355496775, 0.0421755833794169, 0.8824535249236711], [-0.10690058861647286], [0.18569732174195527], [-1.5573278716759162], [1.6653685489088237], [-0.019618391357747688], [-0.18352126281866363], [-0.10521287773995638], [0.15552882130327284], [-1.5310382364649506], [1.6093035420495787], [0.010904149565342804], [-0.15578235613442865], [0.6813479371497029], [-0.06680289244453091], [-0.14308058038488927], [-0.3782593531621261], [-1.8914019897292922], [0.03737881127171898], [0.9297326267217569], [-1.3230940862020393], [-1.6506478569772212], [-1.3536804171489085], [0.9581085532191128], [-1.423397942323163], [0.5213654062529235], [0.16021962904009815], [-1.6781289595876625], [1.061803635004451], [-0.6241412806393551], [0.30902288667424704]], "geomContacts": [{"X_es_rs": {"rotation": [6.123233995736766e-17, 1.0, 0.0, -1.0, 6.123233995736766e-17, 0.0, 0.0, 0.0, 1.0], "translation": [0.1, 0.0, 0.0]}, "is_fixed": true, "envSurface": {"X_b_s": {"rotation": [1.0, 0.0, 0.0, 0.0, 0.99619469636492, -0.08715576248536194, 0.0, 0.08715576248536194, 0.99619469636492], "translation": [-0.3400714099407196, 0.3640865683555603, 0.40371185541152954]}, "materialName": "plastic", "planarPoints": [{"y": -0.15948455035686493, "x": -0.3243147134780884}, {"y": -0.14944154024124146, "x": 0.340427428483963}, {"y": 0.17462076246738434, "x": 0.3378714323043823}, {"y": 0.13430534303188324, "x": -0.30008664727211}], "name": "left_floor", "bodyName": "chassis"}, "robotSurface": {"X_b_s": {"rotation": [1.0, 0.0, 0.0, 0.0, 1.0, 0.0, 0.0, 0.0, 1.0], "translation": [0.014592470601201057, -0.010025011375546455, -0.125]}, "materialName": "plastic", "planarPoints": [{"y": 0.069024957716465, "x": -0.1079324409365654}, {"y": -0.06897497922182083, "x": -0.10778241604566574}, {"y": -0.06836499273777008, "x": 0.10640743374824524}, {"y": 0.06831501424312592, "x": 0.1093074306845665}], "name": "RFullSole", "bodyName": "RLEG_LINK5"}}, {"X_es_rs": {"rotation": [6.123233995736766e-17, 1.0, 0.0, -1.0, 6.123233995736766e-17, 0.0, 0.0, 0.0, 1.0], "translation": [-0.1, 0.0, 0.0]}, "is_fixed": true, "envSurface": {"X_b_s": {"rotation": [1.0, 0.0, 0.0, 0.0, 0.99619469636492, -0.08715576248536194, 0.0, 0.08715576248536194, 0.99619469636492], "translation": [-0.3400714099407196, 0.3640865683555603, 0.40371185541152954]}, "materialName": "plastic", "planarPoints": [{"y": -0.15948455035686493, "x": -0.3243147134780884}, {"y": -0.14944154024124146, "x": 0.340427428483963}, {"y": 0.17462076246738434, "x": 0.3378714323043823}, {"y": 0.13430534303188324, "x": -0.30008664727211}], "name": "left_floor", "bodyName": "chassis"}, "robotSurface": {"X_b_s": {"rotation": [1.0, 0.0, 0.0, 0.0, 1.0, 0.0, 0.0, 0.0, 1.0], "translation": [0.014592470601201057, 0.010025011375546455, -0.125]}, "materialName": "plastic", "planarPoints": [{"y": -0.06831501424312592, "x": 0.1093074306845665}, {"y": 0.06836499273777008, "x": 0.10640743374824524}, {"y": 0.06897497922182083, "x": -0.10778241604566574}, {"y": -0.069024957716465, "x": -0.1079324409365654}], "name": "LFullSole", "bodyName": "LLEG_LINK5"}}, {"X_es_rs": {"rotation": [-0.09106916424829115, 0.9958445049206041, 0.00035964225966239073, -0.9958445531113994, -0.09106909053921353, -0.0002163023762100098, -0.00018265123924308577, -0.0003778462619798324, 0.9999999119353598], "translation": [-0.028599106160897614, 0.06660861160267763, 5.929914667079927e-07]}, "is_fixed": true, "envSurface": {"X_b_s": {"rotation": [1.0, 0.0, 0.0, 0.0, 1.0, 0.0, 0.0, 0.0, 1.0], "translation": [-0.2556469440460205, -0.022774457931518555, 0.8324535799026489]}, "materialName": "plastic", "planarPoints": [{"y": -0.1896364688873291, "x": -0.2803537845611572}, {"y": -0.1896364688873291, "x": 0.1992306262254715}, {"y": 0.18851175904273987, "x": 0.1992305964231491}, {"y": 0.19076116383075714, "x": -0.26513612270355225}], "name": "left_seat_deformed", "bodyName": "chassis"}, "robotSurface": {"X_b_s": {"rotation": [1.0, 0.0, 0.0, 0.0, 1.0, 0.0, 0.0, 0.0, 1.0], "translation": [0.0016465201042592525, 0.0, -0.04999994859099388]}, "materialName": "plastic", "planarPoints": [{"y": -0.20000000298023224, "x": -0.04500000178813934}, {"y": -0.19389525055885315, "x": 0.04500000178813934}, {"y": 0.19389525055885315, "x": 0.04500000178813934}, {"y": 0.20000000298023224, "x": -0.04500000178813934}], "name": "XYLargeButthock", "bodyName": "BODY"}}, {"X_es_rs": {"rotation": [1.0, 0.0, 0.0, 0.0, -0.8253356149096782, 0.5646424733950355, 0.0, -0.5646424733950355, -0.8253356149096782], "translation": [-0.0, 0.0, 0.0]}, "is_fixed": true, "envSurface": {"name": "left_top_frame_lower", "X_b_s": {"rotation": [0.0007948937526187686, -0.9982002234375903, 0.059964006479444595, 0.9999996829318346, 0.0007963267107332633, 0.0, -4.77509400421642e-05, 0.05996398746676707, 0.9982005399352042], "translation": [-0.64, -0.05, 1.85]}, "width": 0.5, "radius": 0.02500000037252903, "materialName": "plastic", "bodyName": "chassis"}, "robotSurface": {"name": "LeftGripper", "X_b_s": {"rotation": [1.0, 0.0, 0.0, 0.0, 1.0, 0.0, 0.0, 0.0, 1.0], "translation": [0.0, 0.0, -0.19497999548912048]}, "pointsFromOrigin": [{"rotation": [1.0, 0.0, 0.0, 0.0, -1.6292067955264295e-07, -0.9999999999999867, 0.0, 0.9999999999999867, -1.6292067955264295e-07], "translation": [0.0, 0.019999999552965164, 0.0]}, {"rotation": [1.0, 0.0, 0.0, 0.0, -6.397578377557251e-07, 0.9999999999997954, 0.0, -0.9999999999997954, -6.397578377557251e-07], "translation": [0.0, -0.019999999552965164, 0.0]}, {"rotation": [1.0, 0.0, 0.0, 0.0, 1.0, 0.0, 0.0, 0.0, 1.0], "translation": [0.0, 0.0, 0.03500001132488251]}, {"rotation": [1.0, 0.0, 0.0, 0.0, -0.9999999999991814, -1.2795156755111882e-06, 0.0, 1.2795156755111882e-06, -0.9999999999991814], "translation": [0.0, 0.0, -0.030000001192092896]}], "motorMaxTorque": 1000.0, "materialName": "plastic", "X_b_motor": {"rotation": [1.0, 0.0, 0.0, 0.0, 1.0, 0.0, 0.0, 0.0, 1.0], "translation": [0.0, 0.0, 0.06797564029693604]}, "bodyName": "LARM_LINK6"}}, {"X_es_rs": {"rotation": [1.0, 0.0, 0.0, 0.0, 0.7071067811865476, 0.7071067811865475, 0.0, -0.7071067811865475, 0.7071067811865476], "translation": [0.1, 0.0, 0.0]}, "is_fixed": true, "envSurface": {"name": "left_front_frame_reduced", "X_b_s": {"rotation": [2.7295470550319367e-07, -0.42665316373561724, 0.9044153237723883, -0.999999999999844, -5.573499293339724e-07, 3.887549660076035e-08, 4.874894631765947e-07, -0.9044153237722579, -0.4266531637357028], "translation": [-0.6096985936164856, 0.435, 1.68]}, "width": 0.4, "radius": 0.025, "materialName": "plastic", "bodyName": "chassis"}, "robotSurface": {"name": "RightGripper", "X_b_s": {"rotation": [1.0, 0.0, 0.0, 0.0, 1.0, 0.0, 0.0, 0.0, 1.0], "translation": [0.0, 0.0, -0.19497999548912048]}, "pointsFromOrigin": [{"rotation": [1.0, 0.0, 0.0, 0.0, -1.6292067955264295e-07, -0.9999999999999867, 0.0, 0.9999999999999867, -1.6292067955264295e-07], "translation": [0.0, 0.019999999552965164, 0.0]}, {"rotation": [1.0, 0.0, 0.0, 0.0, -6.397578377557251e-07, 0.9999999999997954, 0.0, -0.9999999999997954, -6.397578377557251e-07], "translation": [0.0, -0.019999999552965164, 0.0]}, {"rotation": [1.0, 0.0, 0.0, 0.0, 1.0, 0.0, 0.0, 0.0, 1.0], "translation": [0.0, 0.0, 0.03500001132488251]}, {"rotation": [1.0, 0.0, 0.0, 0.0, -0.9999999999991814, -1.2795156755111882e-06, 0.0, 1.2795156755111882e-06, -0.9999999999991814], "translation": [0.0, 0.0, -0.030000001192092896]}], "motorMaxTorque": 1000.0, "materialName": "plastic", "X_b_motor": {"rotation": [1.0, 0.0, 0.0, 0.0, 1.0, 0.0, 0.0, 0.0, 1.0], "translation": [0.0, 0.0, 0.06797564029693604]}, "bodyName": "RARM_LINK6"}}], "stabContacts": [{"X_es_rs": {"rotation": [6.123233995736766e-17, 1.0, 0.0, -1.0, 6.123233995736766e-17, 0.0, 0.0, 0.0, 1.0], "translation": [0.1, 0.0, 0.0]}, "is_fixed": true, "envSurface": {"X_b_s": {"rotation": [1.0, 0.0, 0.0, 0.0, 0.99619469636492, -0.08715576248536194, 0.0, 0.08715576248536194, 0.99619469636492], "translation": [-0.3400714099407196, 0.3640865683555603, 0.40371185541152954]}, "materialName": "plastic", "planarPoints": [{"y": -0.15948455035686493, "x": -0.3243147134780884}, {"y": -0.14944154024124146, "x": 0.340427428483963}, {"y": 0.17462076246738434, "x": 0.3378714323043823}, {"y": 0.13430534303188324, "x": -0.30008664727211}], "name": "left_floor", "bodyName": "chassis"}, "robotSurface": {"X_b_s": {"rotation": [1.0, 0.0, 0.0, 0.0, 1.0, 0.0, 0.0, 0.0, 1.0], "translation": [0.014592470601201057, -0.010025011375546455, -0.125]}, "materialName": "plastic", "planarPoints": [{"y": 0.069024957716465, "x": -0.1079324409365654}, {"y": -0.06897497922182083, "x": -0.10778241604566574}, {"y": -0.06836499273777008, "x": 0.10640743374824524}, {"y": 0.06831501424312592, "x": 0.1093074306845665}], "name": "RFullSole", "bodyName": "RLEG_LINK5"}}, {"X_es_rs": {"rotation": [6.123233995736766e-17, 1.0, 0.0, -1.0, 6.123233995736766e-17, 0.0, 0.0, 0.0, 1.0], "translation": [-0.1, 0.0, 0.0]}, "is_fixed": true, "envSurface": {"X_b_s": {"rotation": [1.0, 0.0, 0.0, 0.0, 0.99619469636492, -0.08715576248536194, 0.0, 0.08715576248536194, 0.99619469636492], "translation": [-0.3400714099407196, 0.3640865683555603, 0.40371185541152954]}, "materialName": "plastic", "planarPoints": [{"y": -0.15948455035686493, "x": -0.3243147134780884}, {"y": -0.14944154024124146, "x": 0.340427428483963}, {"y": 0.17462076246738434, "x": 0.3378714323043823}, {"y": 0.13430534303188324, "x": -0.30008664727211}], "name": "left_floor", "bodyName": "chassis"}, "robotSurface": {"X_b_s": {"rotation": [1.0, 0.0, 0.0, 0.0, 1.0, 0.0, 0.0, 0.0, 1.0], "translation": [0.014592470601201057, 0.010025011375546455, -0.125]}, "materialName": "plastic", "planarPoints": [{"y": -0.06831501424312592, "x": 0.1093074306845665}, {"y": 0.06836499273777008, "x": 0.10640743374824524}, {"y": 0.06897497922182083, "x": -0.10778241604566574}, {"y": -0.069024957716465, "x": -0.1079324409365654}], "name": "LFullSole", "bodyName": "LLEG_LINK5"}}, {"X_es_rs": {"rotation": [-0.09106916424829115, 0.9958445049206041, 0.00035964225966239073, -0.9958445531113994, -0.09106909053921353, -0.0002163023762100098, -0.00018265123924308577, -0.0003778462619798324, 0.9999999119353598], "translation": [-0.028599106160897614, 0.06660861160267763, 5.929914667079927e-07]}, "is_fixed": true, "envSurface": {"X_b_s": {"rotation": [1.0, 0.0, 0.0, 0.0, 1.0, 0.0, 0.0, 0.0, 1.0], "translation": [-0.2556469440460205, -0.022774457931518555, 0.8324535799026489]}, "materialName": "plastic", "planarPoints": [{"y": -0.1896364688873291, "x": -0.2803537845611572}, {"y": -0.1896364688873291, "x": 0.1992306262254715}, {"y": 0.18851175904273987, "x": 0.1992305964231491}, {"y": 0.19076116383075714, "x": -0.26513612270355225}], "name": "left_seat_deformed", "bodyName": "chassis"}, "robotSurface": {"X_b_s": {"rotation": [1.0, 0.0, 0.0, 0.0, 1.0, 0.0, 0.0, 0.0, 1.0], "translation": [0.0016465201042592525, 0.0, -0.04999994859099388]}, "materialName": "plastic", "planarPoints": [{"y": -0.20000000298023224, "x": -0.04500000178813934}, {"y": -0.19389525055885315, "x": 0.04500000178813934}, {"y": 0.19389525055885315, "x": 0.04500000178813934}, {"y": 0.20000000298023224, "x": -0.04500000178813934}], "name": "XYLargeButthock", "bodyName": "BODY"}}, {"X_es_rs": {"rotation": [1.0, 0.0, 0.0, 0.0, -0.8253356149096782, 0.5646424733950355, 0.0, -0.5646424733950355, -0.8253356149096782], "translation": [-0.0, 0.0, 0.0]}, "is_fixed": true, "envSurface": {"name": "left_top_frame_lower", "X_b_s": {"rotation": [0.0007948937526187686, -0.9982002234375903, 0.059964006479444595, 0.9999996829318346, 0.0007963267107332633, 0.0, -4.77509400421642e-05, 0.05996398746676707, 0.9982005399352042], "translation": [-0.64, -0.05, 1.85]}, "width": 0.5, "radius": 0.02500000037252903, "materialName": "plastic", "bodyName": "chassis"}, "robotSurface": {"name": "LeftGripper", "X_b_s": {"rotation": [1.0, 0.0, 0.0, 0.0, 1.0, 0.0, 0.0, 0.0, 1.0], "translation": [0.0, 0.0, -0.19497999548912048]}, "pointsFromOrigin": [{"rotation": [1.0, 0.0, 0.0, 0.0, -1.6292067955264295e-07, -0.9999999999999867, 0.0, 0.9999999999999867, -1.6292067955264295e-07], "translation": [0.0, 0.019999999552965164, 0.0]}, {"rotation": [1.0, 0.0, 0.0, 0.0, -6.397578377557251e-07, 0.9999999999997954, 0.0, -0.9999999999997954, -6.397578377557251e-07], "translation": [0.0, -0.019999999552965164, 0.0]}, {"rotation": [1.0, 0.0, 0.0, 0.0, 1.0, 0.0, 0.0, 0.0, 1.0], "translation": [0.0, 0.0, 0.03500001132488251]}, {"rotation": [1.0, 0.0, 0.0, 0.0, -0.9999999999991814, -1.2795156755111882e-06, 0.0, 1.2795156755111882e-06, -0.9999999999991814], "translation": [0.0, 0.0, -0.030000001192092896]}], "motorMaxTorque": 1000.0, "materialName": "plastic", "X_b_motor": {"rotation": [1.0, 0.0, 0.0, 0.0, 1.0, 0.0, 0.0, 0.0, 1.0], "translation": [0.0, 0.0, 0.06797564029693604]}, "bodyName": "LARM_LINK6"}}]}, {"q": [[0.6741483265169667, -0.0, -0.0, 0.7385959882468719, -0.284105201814945, 0.042175604825707286, 0.8824535284936428], [-0.10717247644828244], [0.18584527613694463], [-1.557720851759868], [1.665402925317946], [-0.01997812705222552], [-0.18394005273447825], [-0.10536190523591926], [0.15554777405451808], [-1.5313294366754853], [1.6092693012238513], [0.011137024333208179], [-0.1555562017005089], [0.664698108757551], [-0.06898663133474367], [-0.06842423597473721], [-0.40813635153495165], [-1.8869610162737864], [0.0553998467197159], [0.9235103765090232], [-1.3082822178663374], [-1.6474041515599074], [-1.3389659048011189], [0.9588636271833424], [-1.4453183152126627], [0.43879893563552624], [0.2478385550487879], [-1.6879204723831196], [0.8478859926655276], [-0.6778248633375221], [0.4649892569587614]], "geomContacts": [{"X_es_rs": {"rotation": [6.123233995736766e-17, 1.0, 0.0, -1.0, 6.123233995736766e-17, 0.0, 0.0, 0.0, 1.0], "translation": [0.1, 0.0, 0.0]}, "is_fixed": true, "envSurface": {"X_b_s": {"rotation": [1.0, 0.0, 0.0, 0.0, 0.99619469636492, -0.08715576248536194, 0.0, 0.08715576248536194, 0.99619469636492], "translation": [-0.3400714099407196, 0.3640865683555603, 0.40371185541152954]}, "materialName": "plastic", "planarPoints": [{"y": -0.15948455035686493, "x": -0.3243147134780884}, {"y": -0.14944154024124146, "x": 0.340427428483963}, {"y": 0.17462076246738434, "x": 0.3378714323043823}, {"y": 0.13430534303188324, "x": -0.30008664727211}], "name": "left_floor", "bodyName": "chassis"}, "robotSurface": {"X_b_s": {"rotation": [1.0, 0.0, 0.0, 0.0, 1.0, 0.0, 0.0, 0.0, 1.0], "translation": [0.014592470601201057, -0.010025011375546455, -0.125]}, "materialName": "plastic", "planarPoints": [{"y": 0.069024957716465, "x": -0.1079324409365654}, {"y": -0.06897497922182083, "x": -0.10778241604566574}, {"y": -0.06836499273777008, "x": 0.10640743374824524}, {"y": 0.06831501424312592, "x": 0.1093074306845665}], "name": "RFullSole", "bodyName": "RLEG_LINK5"}}, {"X_es_rs": {"rotation": [6.123233995736766e-17, 1.0, 0.0, -1.0, 6.123233995736766e-17, 0.0, 0.0, 0.0, 1.0], "translation": [-0.1, 0.0, 0.0]}, "is_fixed": true, "envSurface": {"X_b_s": {"rotation": [1.0, 0.0, 0.0, 0.0, 0.99619469636492, -0.08715576248536194, 0.0, 0.08715576248536194, 0.99619469636492], "translation": [-0.3400714099407196, 0.3640865683555603, 0.40371185541152954]}, "materialName": "plastic", "planarPoints": [{"y": -0.15948455035686493, "x": -0.3243147134780884}, {"y": -0.14944154024124146, "x": 0.340427428483963}, {"y": 0.17462076246738434, "x": 0.3378714323043823}, {"y": 0.13430534303188324, "x": -0.30008664727211}], "name": "left_floor", "bodyName": "chassis"}, "robotSurface": {"X_b_s": {"rotation": [1.0, 0.0, 0.0, 0.0, 1.0, 0.0, 0.0, 0.0, 1.0], "translation": [0.014592470601201057, 0.010025011375546455, -0.125]}, "materialName": "plastic", "planarPoints": [{"y": -0.06831501424312592, "x": 0.1093074306845665}, {"y": 0.06836499273777008, "x": 0.10640743374824524}, {"y": 0.06897497922182083, "x": -0.10778241604566574}, {"y": -0.069024957716465, "x": -0.1079324409365654}], "name": "LFullSole", "bodyName": "LLEG_LINK5"}}, {"X_es_rs": {"rotation": [-0.09104806770874663, 0.9958464988975477, 0.0, -0.9958464988975477, -0.09104806770874663, 0.0, 0.0, 0.0, 1.0], "translation": [-0.028608170242860886, 0.06658974403841685, 0.0]}, "is_fixed": true, "envSurface": {"X_b_s": {"rotation": [1.0, 0.0, 0.0, 0.0, 1.0, 0.0, 0.0, 0.0, 1.0], "translation": [-0.2556469440460205, -0.022774457931518555, 0.8324535799026489]}, "materialName": "plastic", "planarPoints": [{"y": -0.1896364688873291, "x": -0.2803537845611572}, {"y": -0.1896364688873291, "x": 0.1992306262254715}, {"y": 0.18851175904273987, "x": 0.1992305964231491}, {"y": 0.19076116383075714, "x": -0.26513612270355225}], "name": "left_seat_deformed", "bodyName": "chassis"}, "robotSurface": {"X_b_s": {"rotation": [1.0, 0.0, 0.0, 0.0, 1.0, 0.0, 0.0, 0.0, 1.0], "translation": [0.0016465201042592525, 0.0, -0.04999994859099388]}, "materialName": "plastic", "planarPoints": [{"y": -0.20000000298023224, "x": -0.04500000178813934}, {"y": -0.19389525055885315, "x": 0.04500000178813934}, {"y": 0.19389525055885315, "x": 0.04500000178813934}, {"y": 0.20000000298023224, "x": -0.04500000178813934}], "name": "XYLargeButthock", "bodyName": "BODY"}}, {"X_es_rs": {"rotation": [1.0, 0.0, 0.0, 0.0, -0.8253356149096782, 0.5646424733950355, 0.0, -0.5646424733950355, -0.8253356149096782], "translation": [-0.0, 0.0, 0.0]}, "is_fixed": true, "envSurface": {"name": "left_top_frame_lower", "X_b_s": {"rotation": [0.0007948937526187686, -0.9982002234375903, 0.059964006479444595, 0.9999996829318346, 0.0007963267107332633, 0.0, -4.77509400421642e-05, 0.05996398746676707, 0.9982005399352042], "translation": [-0.64, -0.05, 1.85]}, "width": 0.5, "radius": 0.02500000037252903, "materialName": "plastic", "bodyName": "chassis"}, "robotSurface": {"name": "LeftGripper", "X_b_s": {"rotation": [1.0, 0.0, 0.0, 0.0, 1.0, 0.0, 0.0, 0.0, 1.0], "translation": [0.0, 0.0, -0.19497999548912048]}, "pointsFromOrigin": [{"rotation": [1.0, 0.0, 0.0, 0.0, -1.6292067955264295e-07, -0.9999999999999867, 0.0, 0.9999999999999867, -1.6292067955264295e-07], "translation": [0.0, 0.019999999552965164, 0.0]}, {"rotation": [1.0, 0.0, 0.0, 0.0, -6.397578377557251e-07, 0.9999999999997954, 0.0, -0.9999999999997954, -6.397578377557251e-07], "translation": [0.0, -0.019999999552965164, 0.0]}, {"rotation": [1.0, 0.0, 0.0, 0.0, 1.0, 0.0, 0.0, 0.0, 1.0], "translation": [0.0, 0.0, 0.03500001132488251]}, {"rotation": [1.0, 0.0, 0.0, 0.0, -0.9999999999991814, -1.2795156755111882e-06, 0.0, 1.2795156755111882e-06, -0.9999999999991814], "translation": [0.0, 0.0, -0.030000001192092896]}], "motorMaxTorque": 1000.0, "materialName": "plastic", "X_b_motor": {"rotation": [1.0, 0.0, 0.0, 0.0, 1.0, 0.0, 0.0, 0.0, 1.0], "translation": [0.0, 0.0, 0.06797564029693604]}, "bodyName": "LARM_LINK6"}}, {"X_es_rs": {"rotation": [1.0, 0.0, 0.0, 0.0, 0.7071067811865476, 0.7071067811865475, 0.0, -0.7071067811865475, 0.7071067811865476], "translation": [0.1, 0.0, 0.0]}, "is_fixed": true, "envSurface": {"name": "left_front_frame_reduced", "X_b_s": {"rotation": [2.7295470550319367e-07, -0.42665316373561724, 0.9044153237723883, -0.999999999999844, -5.573499293339724e-07, 3.887549660076035e-08, 4.874894631765947e-07, -0.9044153237722579, -0.4266531637357028], "translation": [-0.6096985936164856, 0.435, 1.68]}, "width": 0.4, "radius": 0.025, "materialName": "plastic", "bodyName": "chassis"}, "robotSurface": {"name": "RightGripper", "X_b_s": {"rotation": [1.0, 0.0, 0.0, 0.0, 1.0, 0.0, 0.0, 0.0, 1.0], "translation": [0.0, 0.0, -0.19497999548912048]}, "pointsFromOrigin": [{"rotation": [1.0, 0.0, 0.0, 0.0, -1.6292067955264295e-07, -0.9999999999999867, 0.0, 0.9999999999999867, -1.6292067955264295e-07], "translation": [0.0, 0.019999999552965164, 0.0]}, {"rotation": [1.0, 0.0, 0.0, 0.0, -6.397578377557251e-07, 0.9999999999997954, 0.0, -0.9999999999997954, -6.397578377557251e-07], "translation": [0.0, -0.019999999552965164, 0.0]}, {"rotation": [1.0, 0.0, 0.0, 0.0, 1.0, 0.0, 0.0, 0.0, 1.0], "translation": [0.0, 0.0, 0.03500001132488251]}, {"rotation": [1.0, 0.0, 0.0, 0.0, -0.9999999999991814, -1.2795156755111882e-06, 0.0, 1.2795156755111882e-06, -0.9999999999991814], "translation": [0.0, 0.0, -0.030000001192092896]}], "motorMaxTorque": 1000.0, "materialName": "plastic", "X_b_motor": {"rotation": [1.0, 0.0, 0.0, 0.0, 1.0, 0.0, 0.0, 0.0, 1.0], "translation": [0.0, 0.0, 0.06797564029693604]}, "bodyName": "RARM_LINK6"}}], "stabContacts": [{"X_es_rs": {"rotation": [6.123233995736766e-17, 1.0, 0.0, -1.0, 6.123233995736766e-17, 0.0, 0.0, 0.0, 1.0], "translation": [0.1, 0.0, 0.0]}, "is_fixed": true, "envSurface": {"X_b_s": {"rotation": [1.0, 0.0, 0.0, 0.0, 0.99619469636492, -0.08715576248536194, 0.0, 0.08715576248536194, 0.99619469636492], "translation": [-0.3400714099407196, 0.3640865683555603, 0.40371185541152954]}, "materialName": "plastic", "planarPoints": [{"y": -0.15948455035686493, "x": -0.3243147134780884}, {"y": -0.14944154024124146, "x": 0.340427428483963}, {"y": 0.17462076246738434, "x": 0.3378714323043823}, {"y": 0.13430534303188324, "x": -0.30008664727211}], "name": "left_floor", "bodyName": "chassis"}, "robotSurface": {"X_b_s": {"rotation": [1.0, 0.0, 0.0, 0.0, 1.0, 0.0, 0.0, 0.0, 1.0], "translation": [0.014592470601201057, -0.010025011375546455, -0.125]}, "materialName": "plastic", "planarPoints": [{"y": 0.069024957716465, "x": -0.1079324409365654}, {"y": -0.06897497922182083, "x": -0.10778241604566574}, {"y": -0.06836499273777008, "x": 0.10640743374824524}, {"y": 0.06831501424312592, "x": 0.1093074306845665}], "name": "RFullSole", "bodyName": "RLEG_LINK5"}}, {"X_es_rs": {"rotation": [6.123233995736766e-17, 1.0, 0.0, -1.0, 6.123233995736766e-17, 0.0, 0.0, 0.0, 1.0], "translation": [-0.1, 0.0, 0.0]}, "is_fixed": true, "envSurface": {"X_b_s": {"rotation": [1.0, 0.0, 0.0, 0.0, 0.99619469636492, -0.08715576248536194, 0.0, 0.08715576248536194, 0.99619469636492], "translation": [-0.3400714099407196, 0.3640865683555603, 0.40371185541152954]}, "materialName": "plastic", "planarPoints": [{"y": -0.15948455035686493, "x": -0.3243147134780884}, {"y": -0.14944154024124146, "x": 0.340427428483963}, {"y": 0.17462076246738434, "x": 0.3378714323043823}, {"y": 0.13430534303188324, "x": -0.30008